<Hierarchy>:
	<Frame>: 0 4 unitychan
		<Transform>: 0 0 0 0 0 0 1 1 1 0 0 0 1  
		<TransformMatrix>: 1 0 0 0 0 1 0 0 0 0 1 0 0 0 0 1  
		<Children>: 3
			<Frame>: 1 0 Character1_Reference
				<Transform>: 0 0 0 0 0 0 1 1 1 0 0 0 1  
				<TransformMatrix>: 1 0 0 0 0 1 0 0 0 0 1 0 0 0 0 1  
				<Children>: 1
					<Frame>: 2 0 Character1_Hips
						<Transform>: -0.04291184 0.8643132 0.05689961 -0.004639406 262.3718 271.3271 0.9999992 0.9999991 0.9999994 -0.5259352 0.538298 0.460231 -0.4709724  
						<TransformMatrix>: -0.003154752 -0.9997311 0.02294363 0 -0.1327074 0.02315919 0.9908839 0 -0.9911498 8.097286E-05 -0.1327451 0 -0.04291184 0.8643132 0.05689961 1  
						<Children>: 7
							<Frame>: 3 0 Character1_LeftUpLeg
								<Transform>: 0.06031915 0.002078833 0.07298301 0.5328957 177.8009 6.666823 1 1 1 0.05822394 0.9981083 -0.003525886 0.01942689  
								<TransformMatrix>: -0.9924655 0.1160906 -0.03919087 0 0.1163646 0.9931955 -0.004776214 0 0.0383697 -0.009300655 -0.9992206 0 0.06031915 0.002078833 0.07298301 1  
								<Children>: 1
									<Frame>: 4 0 Character1_LeftLeg
										<Transform>: -0.3517978 -0.008010987 0.005146213 356.3876 358.497 6.330752 0.9999997 0.9999998 0.9999996 -0.03219184 -0.0113487 0.0547732 0.9979152  
										<TransformMatrix>: 0.9937419 0.1100487 0.01912357 0 -0.1085873 0.9919269 -0.06549265 0 -0.02617656 0.06300622 0.9976694 0 -0.3517978 -0.008010987 0.005146213 1  
										<Children>: 1
											<Frame>: 5 0 Character1_LeftFoot
												<Transform>: -0.3786663 0.003828201 -0.003777025 359.4164 6.417955 321.0699 0.9999996 0.9999992 0.9999999 -0.02344747 0.05108346 -0.3324365 0.9414492  
												<TransformMatrix>: 0.7737526 -0.6283396 -0.08059533 0 0.6235482 0.7778717 -0.07811316 0 0.1117745 0.0101852 0.9936813 0 -0.3786663 0.003828201 -0.003777025 1  
												<Children>: 1
													<Frame>: 6 0 Character1_LeftToeBase
														<Transform>: -0.08429568 0.04771042 -0.003921683 358.5256 2.827645 297.4218 1.000001 0.9999997 1 -0.02380487 0.01440289 -0.518884 0.8543918  
														<TransformMatrix>: 0.4611041 -0.8873466 9.252137E-05 0 0.8859745 0.4603853 -0.05562421 0 0.04931536 0.02573052 0.998452 0 -0.08429568 0.04771042 -0.003921683 1  
														<Children>: 0
													</Frame>
											</Frame>
									</Frame>
							</Frame>
							<Frame>: 7 0 Character1_RightUpLeg
								<Transform>: 0.0608358 0.002078789 -0.07255261 6.250208 189.8085 2.343993 1 1 1 0.0156889 0.9947445 -0.05605138 -0.08423506  
								<TransformMatrix>: -0.9853169 0.04065588 0.165826 0 0.02176992 0.9932244 -0.1141567 0 -0.1693435 -0.1088705 -0.9795258 0 0.0608358 0.002078789 -0.07255261 1  
								<Children>: 1
									<Frame>: 8 0 Character1_RightLeg
										<Transform>: -0.3513638 -0.008011257 -0.0182337 0.7262897 0.8838568 5.762394 1 1 1 0.006717519 0.007384552 0.05021386 0.9986886  
										<TransformMatrix>: 0.9948483 0.1003952 -0.01407511 0 -0.1001968 0.9948671 0.01415904 0 0.01542436 -0.01267581 0.9998009 0 -0.3513638 -0.008011257 -0.0182337 1  
										<Children>: 1
											<Frame>: 9 0 Character1_RightFoot
												<Transform>: -0.3785455 0.003824415 -0.01031454 352.7348 350.1716 327.0109 0.9999998 0.9999996 1 -0.03625466 -0.09989636 -0.2875162 0.9518617  
												<TransformMatrix>: 0.8147101 -0.5401079 0.2110226 0 0.5545946 0.8320397 -0.01157519 0 -0.1693274 0.1264625 0.9774126 0 -0.3785455 0.003824415 -0.01031454 1  
												<Children>: 1
													<Frame>: 10 0 Character1_RightToeBase
														<Transform>: -0.08439236 0.04766034 0.002025664 359.9939 -0.003014396 297.4608 0.9999999 0.9999995 0.9999996 -3.201232E-05 -5.021683E-05 -0.5190654 0.8547345  
														<TransformMatrix>: 0.4611421 -0.8873262 0.0001190771 0 0.8873258 0.4611419 -2.592426E-06 0 -5.261113E-05 0.0001068557 0.9999996 0 -0.08439236 0.04766034 0.002025664 1  
														<Children>: 0
													</Frame>
											</Frame>
									</Frame>
							</Frame>
							<Frame>: 11 0 Character1_Spine
								<Transform>: -0.02271336 0.008181498 -8.069822E-05 3.31004E-07 359.7964 355.0978 1 1 1 7.596613E-05 -0.001774609 -0.04276638 0.9990835  
								<TransformMatrix>: 0.996336 -0.08545467 0.003539469 0 0.08545414 0.9963424 0.0003035804 0 -0.003552464 -5.777112E-09 0.9999939 0 -0.02271336 0.008181498 -8.069822E-05 1  
								<Children>: 3
									<Frame>: 12 0 Character1_Spine1
										<Transform>: -0.09134352 0.001755157 -9.313229E-10 358.5767 359.7356 9.285416 1 1 1 -0.012566 -0.001294366 0.08090687 0.9966416  
										<TransformMatrix>: 0.986905 0.1613029 0.0005466874 0 -0.1612378 0.9865926 -0.02525704 0 -0.00461339 0.02483815 0.9996811 0 -0.09134352 0.001755157 -9.313229E-10 1  
										<Children>: 2
											<Frame>: 13 0 Character1_Spine2
												<Transform>: -0.08766674 -0.0003044755 -1.641456E-08 359.1761 358.5183 13.88981 1 1 1.000001 -0.008699583 -0.01196507 0.1208094 0.9925655  
												<TransformMatrix>: 0.9705241 0.2400307 0.02165026 0 -0.2396144 0.9706592 -0.02016081 0 -0.02585423 0.01437884 0.9995629 0 -0.08766674 -0.0003044755 -1.641456E-08 1  
												<Children>: 3
													<Frame>: 14 0 Character1_LeftShoulder
														<Transform>: -0.1223668 -0.001395002 0.0422268 18.03198 92.83201 1.664533 1 1.000001 1.000001 0.1184189 0.71377 -0.103613 0.6824763  
														<TransformMatrix>: -0.04040648 0.02762082 -0.998802 0 0.3104748 0.9504837 0.01372443 0 0.9497235 -0.3095481 -0.04698126 0 -0.1223668 -0.001395002 0.0422268 1  
														<Children>: 1
															<Frame>: 15 0 Character1_LeftArm
																<Transform>: -0.05543689 -4.749746E-08 8.666923E-07 9.329222 70.1989 18.85976 0.9999999 1 0.9999999 0.1595315 0.5544475 0.08747437 0.8120874  
																<TransformMatrix>: 0.3698724 0.3189773 -0.8726096 0 0.03482999 0.9337959 0.3561069 0 0.9284293 -0.1621071 0.3342754 0 -0.05543689 -4.749746E-08 8.666923E-07 1  
																<Children>: 1
																	<Frame>: 16 0 Character1_LeftForeArm
																		<Transform>: -0.2337772 1.718684E-05 1.177877E-05 353.6404 1.353826 339.4338 0.9999999 0.9999998 0.9999999 -0.05668088 0.00170508 -0.1775797 0.9824713  
																		<TransformMatrix>: 0.9369251 -0.3491271 0.01678036 0 0.3487405 0.9305053 -0.1119802 0 0.02348113 0.1107691 0.9935686 0 -0.2337772 1.718684E-05 1.177877E-05 1  
																		<Children>: 5
																			<Frame>: 17 0 Character1_LeftHand
																				<Transform>: -0.1624819 -6.352779E-07 3.017482E-07 342.3503 343.3763 356.0149 1.000001 1.000001 1.000001 -0.1467441 -0.1480414 -0.0561615 0.9764199  
																				<TransformMatrix>: 0.9498606 -0.0662261 0.3055843 0 0.153123 0.9506251 -0.2699396 0 -0.2726187 0.3031965 0.9131008 0 -0.1624819 -6.352779E-07 3.017482E-07 1  
																				<Children>: 5
																					<Frame>: 18 0 Character1_LeftHandIndex1
																						<Transform>: -0.08074934 0.02571335 -0.001428245 11.47981 2.686255 13.86178 1.000001 1.000002 1.000001 0.102069 0.01108647 0.1177069 0.9877268  
																						<TransformMatrix>: 0.9720456 0.234788 0.002127643 0 -0.2302617 0.9514555 0.2042428 0 0.04592929 -0.1990229 0.9789191 0 -0.08074934 0.02571335 -0.001428245 1  
																						<Children>: 1
																							<Frame>: 19 0 Character1_LeftHandIndex2
																								<Transform>: -0.0242604 0.002507061 -0.001186654 359.6146 17.21764 359.4839 0.9999998 0.9999998 0.9999998 -0.003999474 0.1496702 -0.003949954 0.98872  
																								<TransformMatrix>: 0.9551663 -0.009008 -0.2959321 0 0.006613592 0.9999366 -0.0090911 0 0.2959953 0.006726339 0.9551655 0 -0.0242604 0.002507061 -0.001186654 1  
																								<Children>: 1
																									<Frame>: 20 0 Character1_LeftHandIndex3
																										<Transform>: -0.0160967 0.0001182109 -0.0004583515 359.5337 17.35327 0.6286519 1.000003 1.000003 1.000002 -0.003194771 0.1508763 0.006036996 0.988529  
																										<TransformMatrix>: 0.9544029 0.0109715 -0.2983307 0 -0.01289955 0.9999092 -0.00449458 0 0.2982532 0.008137944 0.9544542 0 -0.0160967 0.0001182109 -0.0004583515 1  
																										<Children>: 1
																											<Frame>: 21 0 Character1_LeftHandIndex4
																												<Transform>: -0.0212497 0.001006984 0.00163699 274.1357 249.9936 109.9922 1.000004 1.000002 1.000003 -0.7153726 -0.02406405 0.02388807 0.6979201  
																												<TransformMatrix>: 0.997705 0.06777374 -0.0005881813 0 0.001085589 -0.02465719 -0.9996977 0 -0.06776748 0.9973986 -0.024674 0 -0.0212497 0.001006984 0.00163699 1  
																												<Children>: 0
																											</Frame>
																									</Frame>
																							</Frame>
																					</Frame>
																					<Frame>: 22 0 Character1_LeftHandMiddle1
																						<Transform>: -0.08069599 0.005821645 -0.006021264 8.297578 3.82758 8.63098 1.000002 1.000002 1.000001 0.0746078 0.02777285 0.07260004 0.9941789  
																						<TransformMatrix>: 0.9879175 0.1484993 -0.04438938 0 -0.140211 0.9783276 0.1523799 0 0.06605551 -0.1443146 0.987326 0 -0.08069599 0.005821645 -0.006021264 1  
																						<Children>: 1
																							<Frame>: 23 0 Character1_LeftHandMiddle2
																								<Transform>: -0.02506314 0.001481989 0.003793526 357.6684 31.06749 0.9824626 1 0.9999999 0.9999998 -0.01730638 0.2679086 0.01370716 0.9631913  
																								<TransformMatrix>: 0.8560742 0.01713217 -0.516569 0 -0.03567828 0.9990252 -0.02599418 0 0.51562 0.04068323 0.8558508 0 -0.02506314 0.001481989 0.003793526 1  
																								<Children>: 1
																									<Frame>: 24 0 Character1_LeftHandMiddle3
																										<Transform>: -0.01943114 -6.783584E-05 0.000161693 357.6086 26.36387 7.948761 0.9999998 0.9999998 0.9999998 -0.00446598 0.2288541 0.0722166 0.970768  
																										<TransformMatrix>: 0.8848209 0.138167 -0.4449734 0 -0.1422552 0.9895294 0.02438326 0 0.4436834 0.04172499 0.8952115 0 -0.01943114 -6.783584E-05 0.000161693 1  
																										<Children>: 1
																											<Frame>: 25 0 Character1_LeftHandMiddle4
																												<Transform>: -0.02201366 0.0009110151 0.0001172574 272.2369 88.67906 274.6011 1.000003 1.000001 1.000002 -0.7059695 0.03401821 0.006450034 0.7073954  
																												<TransformMatrix>: 0.9976052 -0.0389063 -0.05723587 0 -0.05715717 0.003131036 -0.9983618 0 0.03902166 0.9992396 0.0008997932 0 -0.02201366 0.0009110151 0.0001172574 1  
																												<Children>: 0
																											</Frame>
																									</Frame>
																							</Frame>
																					</Frame>
																					<Frame>: 26 0 Character1_LeftHandPinky1
																						<Transform>: -0.06575284 -0.0278356 -0.002283609 345.1248 15.79891 0.7159752 1.000002 1.000002 1.000001 -0.1273644 0.1370773 0.02392685 0.9820467  
																						<TransformMatrix>: 0.9612764 0.01207705 -0.2753279 0 -0.08191224 0.9664135 -0.2435964 0 0.263138 0.2567155 0.9299774 0 -0.06575284 -0.0278356 -0.002283609 1  
																						<Children>: 1
																							<Frame>: 27 0 Character1_LeftHandPinky2
																								<Transform>: -0.01809675 0.0001328058 -1.446358E-05 4.34098 9.541326 7.344795 1.000003 1.000002 1.000002 0.04298762 0.08051984 0.06064051 0.9939775  
																								<TransformMatrix>: 0.979681 0.1274736 -0.1548566 0 -0.1136282 0.9889519 0.0952232 0 0.1652837 -0.07569207 0.9833391 0 -0.01809675 0.0001328058 -1.446358E-05 1  
																								<Children>: 1
																									<Frame>: 28 0 Character1_LeftHandPinky3
																										<Transform>: -0.01391072 2.778817E-06 0.0002477348 357.705 34.31402 15.59427 1.000004 1.000003 1.000003 0.02105434 0.2948013 0.1354558 0.9456747  
																										<TransformMatrix>: 0.7894909 0.2686089 -0.5518704 0 -0.2437812 0.9624197 0.1196865 0 0.5632776 0.04004405 0.8253001 0 -0.01391072 2.778817E-06 0.0002477348 1  
																										<Children>: 1
																											<Frame>: 29 0 Character1_LeftHandPinky4
																												<Transform>: -0.01920933 -0.0002992371 -2.337768E-05 354.5173 359.5419 0.3722185 1.000005 1.000004 1.000004 -0.0478393 -0.003837714 0.003053275 0.998843  
																												<TransformMatrix>: 0.9999573 0.006466707 0.007374454 0 -0.005732323 0.9954085 -0.09559173 0 -0.00795871 0.09554481 0.995397 0 -0.01920933 -0.0002992371 -2.337768E-05 1  
																												<Children>: 0
																											</Frame>
																									</Frame>
																							</Frame>
																					</Frame>
																					<Frame>: 30 0 Character1_LeftHandRing1
																						<Transform>: -0.07679258 -0.0126262 -0.006246157 350.6373 12.9359 4.853665 1.000002 1.000002 1.000001 -0.07626776 0.1156048 0.05111904 0.9890429  
																						<TransformMatrix>: 0.9680466 0.08348417 -0.236474 0 -0.1187519 0.983142 -0.1390452 0 0.2208789 0.1626836 0.9616388 0 -0.07679258 -0.0126262 -0.006246157 1  
																						<Children>: 1
																							<Frame>: 31 0 Character1_LeftHandRing2
																								<Transform>: -0.02368266 -0.0007540555 0.001098348 359.4566 33.38173 10.43738 0.9999988 0.9999991 0.9999992 0.02160022 0.2864271 0.08848046 0.9537632  
																								<TransformMatrix>: 0.8202605 0.1811524 -0.5425443 0 -0.1564049 0.9834084 0.09188931 0 0.5501893 0.009483416 0.8349852 0 -0.02368266 -0.0007540555 0.001098348 1  
																								<Children>: 1
																									<Frame>: 32 0 Character1_LeftHandRing3
																										<Transform>: -0.01590741 0.0001665969 -0.0008609259 354.9548 20.81607 7.517078 1.000003 1.000002 1.000002 -0.0313648 0.1829315 0.07234496 0.9799585  
																										<TransformMatrix>: 0.9226074 0.1303153 -0.3630699 0 -0.1532657 0.9875672 -0.03500414 0 0.3539931 0.08794093 0.9311065 0 -0.01590741 0.0001665969 -0.0008609259 1  
																										<Children>: 1
																											<Frame>: 33 0 Character1_LeftHandRing4
																												<Transform>: -0.02522655 -0.0001156202 -0.00238417 0.3734813 358.0567 359.6911 1.000004 1.000003 1.000002 0.003304469 -0.0169488 -0.002640204 0.9998475  
																												<TransformMatrix>: 0.9994155 -0.005391637 0.03387512 0 0.005167604 0.9999671 0.006697445 0 -0.03390996 -0.006518448 0.999406 0 -0.02522655 -0.0001156202 -0.00238417 1  
																												<Children>: 0
																											</Frame>
																									</Frame>
																							</Frame>
																					</Frame>
																					<Frame>: 34 0 Character1_LeftHandThumb1
																						<Transform>: -0.02476071 0.01826633 0.01423602 49.8546 248.2627 233.6755 1.000001 1.000001 1.000002 0.7765535 -0.1278789 -0.2965131 0.5410098  
																						<TransformMatrix>: 0.7914551 -0.5194433 -0.3221495 0 0.1222236 -0.3819111 0.916083 0 -0.5988851 -0.764412 -0.238777 0 -0.02476071 0.01826633 0.01423602 1  
																						<Children>: 1
																							<Frame>: 35 0 Character1_LeftHandThumb2
																								<Transform>: -0.03214543 0.001985919 0.001522934 0.5437813 19.03231 350.3713 0.9999999 1 0.9999998 -0.009211586 0.1651333 -0.08355298 0.9826826  
																								<TransformMatrix>: 0.9314997 -0.1672544 -0.323008 0 0.1611699 0.9858682 -0.0456989 0 0.3260866 -0.00949063 0.9452921 0 -0.03214543 0.001985919 0.001522934 1  
																								<Children>: 1
																									<Frame>: 36 0 Character1_LeftHandThumb3
																										<Transform>: -0.01756597 -0.001003347 8.472209E-05 359.0238 25.34857 359.2412 1.000003 1.000002 1.000003 -0.009763394 0.2193406 -0.004590778 0.9755887  
																										<TransformMatrix>: 0.9037398 -0.01324048 -0.4278839 0 0.004674416 0.9997693 -0.02106405 0 0.4280631 0.01703627 0.9035912 0 -0.01756597 -0.001003347 8.472209E-05 1  
																										<Children>: 1
																											<Frame>: 37 0 Character1_LeftHandThumb4
																												<Transform>: -0.02630421 -0.001143847 -0.0005708616 357.0983 358.7019 3.026104 1.000005 1.000003 1.000004 -0.02560794 -0.01065172 0.0261078 0.9992743  
																												<TransformMatrix>: 0.9984145 0.0527235 0.01995094 0 -0.05163232 0.9973281 -0.05173504 0 -0.0226252 0.05062271 0.9984651 0 -0.02630421 -0.001143847 -0.0005708616 1  
																												<Children>: 0
																											</Frame>
																									</Frame>
																							</Frame>
																					</Frame>
																			</Frame>
																			<Frame>: 38 0 J_L_Sode_A00
																				<Transform>: -0.04704522 0.03601032 0.001029443 351.8211 350.5439 351.1044 1.000001 1.000001 1 -0.06448094 -0.08748104 -0.08295049 0.9906102  
																				<TransformMatrix>: 0.9709331 -0.1530616 0.1840168 0 0.175625 0.9779235 -0.1132378 0 -0.1626218 0.1422642 0.976379 0 -0.04704522 0.03601032 0.001029443 1  
																				<Children>: 1
																					<Frame>: 39 0 J_L_Sode_A01
																						<Transform>: -0.1482514 -0.01089507 0.0183422 273.7996 180 180 1 1 1 -0.7301596 0 0 0.6832766  
																						<TransformMatrix>: 1 0 0 0 0 -0.06626618 -0.997802 0 0 0.997802 -0.06626618 0 -0.1482514 -0.01089507 0.0183422 1  
																						<Children>: 0
																					</Frame>
																			</Frame>
																			<Frame>: 40 0 J_L_Sode_B00
																				<Transform>: -0.04425104 0.0002527868 -0.03773062 270.0626 354.1313 0 1.000001 1.000001 1 -0.7060955 -0.03620419 -0.03544312 0.7063018  
																				<TransformMatrix>: 0.9948667 0.001060147 0.1011947 0 0.1011944 0.0003459456 -0.9948672 0 -0.001089719 0.9999999 0.0002369286 0 -0.04425104 0.0002527868 -0.03773062 1  
																				<Children>: 1
																					<Frame>: 41 0 J_L_Sode_B01
																						<Transform>: -0.1508729 6.7716E-17 6.938893E-19 0 0 0 1 1 1 0 0 0 1  
																						<TransformMatrix>: 1 0 0 0 0 1 0 0 0 0 1 0 -0.1508729 6.7716E-17 6.938893E-19 1  
																						<Children>: 0
																					</Frame>
																			</Frame>
																			<Frame>: 42 0 J_L_Sode_C00
																				<Transform>: -0.04139 -0.04891023 0.01278888 359.9932 182.5998 164.4141 1.000001 1 1.000001 0.9905097 0.1355577 -0.02246782 -0.003134657  
																				<TransformMatrix>: 0.9622396 0.2686835 -0.04365938 0 0.2684017 -0.9632292 -0.01230119 0 -0.04535909 0.0001184481 -0.9989719 0 -0.04139 -0.04891023 0.01278888 1  
																				<Children>: 1
																					<Frame>: 43 0 J_L_Sode_C01
																						<Transform>: -0.1628788 -2.095454E-09 1.600067E-09 0 0 0 1 1 1 0 0 0 1  
																						<TransformMatrix>: 1 0 0 0 0 1 0 0 0 0 1 0 -0.1628788 -2.095454E-09 1.600067E-09 1  
																						<Children>: 0
																					</Frame>
																			</Frame>
																			<Frame>: 44 0 J_L_Sode_D00
																				<Transform>: -0.04395507 0.002718705 0.03898804 74.39381 35.31993 25.14785 1.000001 1.000001 1 0.6148564 0.1104463 -0.0137651 0.7807456  
																				<TransformMatrix>: 0.9752249 0.1143232 -0.1893882 0 0.1573114 0.2435243 0.9570529 0 0.1555339 -0.963134 0.2195065 0 -0.04395507 0.002718705 0.03898804 1  
																				<Children>: 1
																					<Frame>: 45 0 J_L_Sode_D01
																						<Transform>: -0.1445713 -0.0008165151 -0.007399066 0 0 0 1 1 1 0 0 0 1  
																						<TransformMatrix>: 1 0 0 0 0 1 0 0 0 0 1 0 -0.1445713 -0.0008165151 -0.007399066 1  
																						<Children>: 0
																					</Frame>
																			</Frame>
																	</Frame>
															</Frame>
													</Frame>
													<Frame>: 46 0 Character1_Neck
														<Transform>: -0.1568513 0.008298457 0.0002867057 358.8376 3.72815 336.7993 1 1.000001 1 -0.0164717 0.02982383 -0.2006435 0.9790718  
														<TransformMatrix>: 0.9177059 -0.3938715 -0.0517895 0 0.3919066 0.9189425 -0.0442219 0 0.06500925 0.02028604 0.9976789 0 -0.1568513 0.008298457 0.0002867057 1  
														<Children>: 1
															<Frame>: 47 0 Character1_Head
																<Transform>: -0.07808322 -0.005534548 -8.149065E-09 359.472 2.262329 7.934357 1.000001 1.000001 1.000001 -0.003229811 0.02001246 0.06926154 0.9973926  
																<TransformMatrix>: 0.9896055 0.1380327 -0.040368 0 -0.1382912 0.9903854 -0.003670593 0 0.0394732 0.009214977 0.9991792 0 -0.07808322 -0.005534548 -8.149065E-09 1  
																<Children>: 15
																	<Frame>: 48 0 BLW_DEF
																		<Transform>: 1.289458 -0.1632799 -0.01346737 278.2215 107.6504 343.086 1.000001 1.000001 1.000001 -0.4719222 0.5467804 0.4570363 0.5190746  
																		<TransformMatrix>: -0.01570214 -0.04160383 -0.9990114 0 -0.9905484 0.1368145 0.009871402 0 0.1362685 0.9897237 -0.04335884 0 1.289458 -0.1632799 -0.01346737 1  
																		<SkinningInfo>: BLW_DEF
																			<BonesPerVertex>: 4
																			<Bounds>: 0 1.380296 0.07543001 0.05102 0.01272917 0.006349996
																			<BoneNames>: 0  
																			<BoneOffsets>: 0  
																			<BoneIndices>: 0  
																			<BoneWeights>: 0  
																		</SkinningInfo>
																		<Mesh>: 40 BLW_DEF
																			<Bounds>: 0 1.380296 0.07543001 0.05102 0.01272923 0.006349992
																			<Positions>: 40 -0.012958 1.370961 0.07845201 -0.011404 1.376496 0.07989602 -0.014273 1.3784 0.07987499 -0.017559 1.374698 0.078511 -0.020636 1.377124 0.07860798 -0.017626 1.380264 0.07966799 -0.021322 1.382112 0.07917099 -0.023524 1.379456 0.078441 -0.02748201 1.382035 0.07793397 -0.02646799 1.384178 0.07838798 -0.030442 1.385517 0.077635 -0.03169701 1.38376 0.07720198 -0.03587899 1.385224 0.07631101 -0.03469601 1.386597 0.07669902 -0.038273 1.387371 0.07582698 -0.039641 1.386333 0.07513399 -0.042781 1.388194 0.07423101 -0.043994 1.387315 0.07362399 -0.04749699 1.387775 0.07214999 -0.04686499 1.388764 0.07246298 0.011404 1.376496 0.07989602 0.012958 1.370961 0.07845201 0.017559 1.374698 0.078511 0.014273 1.3784 0.07987499 0.017626 1.380264 0.07966799 0.020636 1.377124 0.07860798 0.023524 1.379456 0.078441 0.021322 1.382112 0.07917099 0.02646799 1.384178 0.07838798 0.02748201 1.382035 0.07793397 0.03169701 1.38376 0.07720198 0.030442 1.385517 0.077635 0.03469601 1.386597 0.07669902 0.03587899 1.385224 0.07631101 0.039641 1.386333 0.07513399 0.038273 1.387371 0.07582698 0.043994 1.387315 0.07362399 0.042781 1.388194 0.07423101 0.04686499 1.388764 0.07246298 0.04749699 1.387775 0.07214999  
																			<Colors>: 40 1 1 1 1 1 1 1 1 1 1 1 1 1 1 1 1 1 1 1 1 1 1 1 1 1 1 1 1 1 1 1 1 1 1 1 1 1 1 1 1 1 1 1 1 1 1 1 1 1 1 1 1 1 1 1 1 1 1 1 1 1 1 1 1 1 1 1 1 1 1 1 1 1 1 1 1 1 1 1 1 1 1 1 1 1 1 1 1 1 1 1 1 1 1 1 1 1 1 1 1 1 1 1 1 1 1 1 1 1 1 1 1 1 1 1 1 1 1 1 1 1 1 1 1 1 1 1 1 1 1 1 1 1 1 1 1 1 1 1 1 1 1 1 1 1 1 1 1 1 1 1 1 1 1 1 1 1 1 1 1  
																			<TextureCoords0>: 40 0.04492 0.35443 0.01709 0.25582 0.06834 0.22456 0.12603 0.28927 0.17791 0.24897 0.12663 0.19082 0.19287 0.15836 0.23051 0.2081 0.30037 0.16072 0.28282 0.12283 0.35284 0.09917998 0.375 0.1299 0.44847 0.10436 0.42726 0.08007002 0.49005 0.06654 0.5144 0.08482003 0.56935 0.05224001 0.59118 0.06687999 0.65277 0.05918998 0.64088 0.04250997 0.01709 0.25582 0.04492 0.35443 0.12603 0.28927 0.06834 0.22456 0.12663 0.19082 0.17791 0.24897 0.23051 0.2081 0.19287 0.15836 0.28282 0.12283 0.30037 0.16072 0.375 0.1299 0.35284 0.09917998 0.42726 0.08007002 0.44847 0.10436 0.5144 0.08482003 0.49005 0.06654 0.59118 0.06687999 0.56935 0.05224001 0.64088 0.04250997 0.65277 0.05918998  
																			<TextureCoords1>: 40 0.04492 0.35443 0.01709 0.25582 0.06834 0.22456 0.12603 0.28927 0.17791 0.24897 0.12663 0.19082 0.19287 0.15836 0.23051 0.2081 0.30037 0.16072 0.28282 0.12283 0.35284 0.09917998 0.375 0.1299 0.44847 0.10436 0.42726 0.08007002 0.49005 0.06654 0.5144 0.08482003 0.56935 0.05224001 0.59118 0.06687999 0.65277 0.05918998 0.64088 0.04250997 0.01709 0.25582 0.04492 0.35443 0.12603 0.28927 0.06834 0.22456 0.12663 0.19082 0.17791 0.24897 0.23051 0.2081 0.19287 0.15836 0.28282 0.12283 0.30037 0.16072 0.375 0.1299 0.35284 0.09917998 0.42726 0.08007002 0.44847 0.10436 0.5144 0.08482003 0.49005 0.06654 0.59118 0.06687999 0.56935 0.05224001 0.64088 0.04250997 0.65277 0.05918998  
																			<Normals>: 40 -0.1551784 -0.2120068 0.9648693 -0.1551784 -0.2120068 0.9648693 -0.1535621 -0.207453 0.966117 -0.1535621 -0.207453 0.966117 -0.1680997 -0.1691639 0.9711467 -0.1680997 -0.1691639 0.9711467 -0.1892059 -0.1227252 0.974238 -0.1892059 -0.1227252 0.974238 -0.2035569 -0.1038014 0.973545 -0.2035569 -0.1038014 0.973545 -0.2225004 -0.08545767 0.97118 -0.2225004 -0.08545767 0.97118 -0.2634142 -0.09391262 0.9601007 -0.2634142 -0.09391262 0.9601007 -0.3243579 -0.1318491 0.9367005 -0.3243579 -0.1318491 0.9367005 -0.3769355 -0.1032506 0.9204667 -0.3769355 -0.1032506 0.9204667 -0.3988179 -0.05685676 0.9152658 -0.3988179 -0.05685676 0.9152658 0.1551784 -0.2120068 0.9648693 0.1551784 -0.2120068 0.9648693 0.1535621 -0.207453 0.966117 0.1535621 -0.207453 0.966117 0.1680997 -0.1691639 0.9711467 0.1680997 -0.1691639 0.9711467 0.1892059 -0.1227252 0.974238 0.1892059 -0.1227252 0.974238 0.2035569 -0.1038014 0.973545 0.2035569 -0.1038014 0.973545 0.2225004 -0.08545767 0.97118 0.2225004 -0.08545767 0.97118 0.2634142 -0.09391262 0.9601007 0.2634142 -0.09391262 0.9601007 0.3243579 -0.1318491 0.9367005 0.3243579 -0.1318491 0.9367005 0.3769355 -0.1032506 0.9204667 0.3769355 -0.1032506 0.9204667 0.3988179 -0.05685676 0.9152658 0.3988179 -0.05685676 0.9152658  
																			<Tangents>: 40 -0.9876729 0.01298815 -0.1559921 -0.9878087 0.04555419 -0.1488583 -0.9880142 0.01669695 -0.1534573 -0.9878765 0.009697761 -0.1549383 -0.9857325 0.02025302 -0.1670965 -0.9856054 0.01084183 -0.1687139 -0.9819148 0.01690806 -0.1885669 -0.9819254 0.01874592 -0.1883374 -0.9789195 0.004545636 -0.2041959 -0.978936 0.005555386 -0.2040917 -0.9746957 -0.002458686 -0.2235222 -0.9746967 -0.002413154 -0.2235184 -0.9644138 0.002130897 -0.2643891 -0.9644383 0.003228358 -0.2642885 -0.9449539 8.682678E-05 -0.3272036 -0.9447697 -0.003970458 -0.3277109 -0.9250351 -0.008697878 -0.379782 -0.9251685 -0.005806058 -0.3795122 -0.9167157 -0.001417244 -0.3995377 -0.916711 -0.001608982 -0.3995476 0.9877593 0.01762686 -0.1549867 0.9876866 0.01365004 -0.1558488 0.9880303 0.01773356 -0.1532372 0.9877815 0.005927885 -0.1557327 0.9856822 0.01569631 -0.1678816 0.9857317 0.03752449 -0.1640879 0.9819309 0.02002914 -0.1881768 0.9819373 0.02315695 -0.1877841 0.9788548 0.001063473 -0.2045537 0.9785185 -0.01159353 -0.2058329 0.9747015 -0.00218866 -0.2234998 0.9746947 -0.002507361 -0.2235263 0.9644316 0.002925358 -0.2643163 0.964389 0.001072929 -0.2644858 0.9446627 -0.006180243 -0.327985 0.9450225 0.001696415 -0.3270008 0.9252212 -0.004613842 -0.3794 0.9252509 -0.003928295 -0.3793353 0.9167593 0.0004632135 -0.3994399 0.9167746 0.001161662 -0.3994032  
																			<BiTangents>: 40 -0.02053952 0.9771819 0.2114089 0.01239486 0.9762059 0.2164912 -0.01570396 0.9781025 0.2075305 -0.02277325 0.9781969 0.2064272 -0.008598051 0.9853798 0.1701549 -0.0180113 0.9855283 0.1685514 -0.006669433 0.9922966 0.1237048 -0.004850764 0.9922636 0.1240538 -0.01677045 0.9945877 0.1025385 -0.01577659 0.9945825 0.1027458 -0.02148951 0.9963387 0.08274816 -0.02144497 0.9963389 0.08275838 -0.0227836 0.9955782 0.09113193 -0.02172047 0.9955752 0.09142333 -0.04306016 0.9912698 0.1246194 -0.0469275 0.9912618 0.1232791 -0.04721884 0.9946173 0.09223194 -0.04452916 0.9946384 0.09333573 -0.02401358 0.9983813 0.05155626 -0.02418963 0.9983811 0.05147953 0.01585062 0.9771092 0.212147 0.01987052 0.9771729 0.2115145 0.01465683 0.9780843 0.2076931 0.02658019 0.9782271 0.2058285 0.01315609 0.9854629 0.1693804 -0.008684037 0.9848734 0.1730581 0.003580899 0.9922386 0.1242973 0.0004854581 0.9921705 0.1248899 0.02019762 0.9945975 0.101823 0.03265257 0.9945305 0.09921167 0.02122535 0.9963394 0.08280874 0.02153713 0.9963387 0.08273724 0.022014 0.9955761 0.09134289 0.02380843 0.9955798 0.09085092 0.04903354 0.9912505 0.1225483 0.04152572 0.9912683 0.1251506 0.04342019 0.9946447 0.09379057 0.04278248 0.9946476 0.09405203 0.02228689 0.9983822 0.0523087 0.02164554 0.9983817 0.05258813  
																			<SubMeshes>: 1
																				<SubMesh>: 0 108 0 1 2 0 2 3 4 3 2 4 2 5 6 4 5 6 7 4 6 8 7 6 9 8 8 9 10 8 10 11 12 11 10 12 10 13 14 12 13 14 15 12 16 15 14 16 17 15 16 18 17 16 19 18 20 21 22 20 22 23 22 24 23 22 25 24 26 24 25 26 27 24 28 27 26 28 26 29 28 29 30 28 30 31 30 32 31 30 33 32 34 32 33 34 35 32 36 35 34 36 37 35 38 37 36 38 36 39  
																		</Mesh>
																		<Materials>: 1
																			<Material>: 0
																				<AlbedoColor>: 1 1 1 1
																				<AlbedoMap>: eyeline_00
																		</Materials>
																		<Children>: 0
																	</Frame>
																	<Frame>: 49 0 eye_base_old
																		<Transform>: 1.289459 -0.1632804 -0.01346814 278.2215 107.6503 343.0861 1 1.000001 1.000001 -0.471922 0.5467805 0.4570365 0.5190744  
																		<TransformMatrix>: -0.01570273 -0.04160361 -0.9990112 0 -0.9905481 0.1368144 0.009872025 0 0.1362685 0.9897233 -0.04335871 0 1.289459 -0.1632804 -0.01346814 1  
																		<Mesh>: 74 eye_base_old
																			<Bounds>: 0 1.349603 0.059953 0.064553 0.01775402 0.007608002
																			<Positions>: 74 0.052842 1.363482 0.059862 0.054602 1.365631 0.062345 0.050068 1.367357 0.0645 0.059224 1.363159 0.059911 0.044299 1.364339 0.062279 0.04463 1.367016 0.065956 0.03884 1.365437 0.066755 0.059748 1.358714 0.056697 0.062606 1.360368 0.057253 0.064553 1.35697 0.055147 0.044345 1.345919 0.054476 0.034026 1.361116 0.064797 0.062081 1.352383 0.052625 0.026367 1.353387 0.065141 0.032686 1.363078 0.067463 0.028202 1.358775 0.067561 0.063738 1.352733 0.053614 0.024195 1.354055 0.067512 0.06249 1.34775 0.052762 0.022008 1.349061 0.066736 0.057367 1.341121 0.052434 0.05965 1.340132 0.052345 0.056876 1.336576 0.052763 0.053279 1.334398 0.054163 0.023425 1.343521 0.063627 0.022245 1.342416 0.064824 0.025046 1.33833 0.06362899 0.051915 1.335913 0.053869 0.048977 1.332003 0.055348 0.029753 1.335609 0.060027 0.028894 1.334803 0.061494 0.032297 1.33283 0.059956 0.043718 1.333534 0.056432 0.043822 1.331849 0.057115 0.039044 1.331901 0.05846 0.036634 1.33404 0.058352 0.035858 1.332055 0.059145 -0.054602 1.365631 0.062345 -0.052842 1.363482 0.059862 -0.050068 1.367357 0.0645 -0.059224 1.363159 0.059911 -0.044299 1.364339 0.062279 -0.04463 1.367016 0.065956 -0.03884 1.365437 0.066755 -0.059748 1.358714 0.056697 -0.062606 1.360368 0.057253 -0.064553 1.35697 0.055147 -0.044345 1.345919 0.054476 -0.034026 1.361116 0.064797 -0.062081 1.352383 0.052625 -0.026367 1.353387 0.065141 -0.032686 1.363078 0.067463 -0.028202 1.358775 0.067561 -0.063738 1.352733 0.053614 -0.024195 1.354055 0.067512 -0.06249 1.34775 0.052762 -0.022008 1.349061 0.066736 -0.057367 1.341121 0.052434 -0.05965 1.340132 0.052345 -0.056876 1.336576 0.052763 -0.053279 1.334398 0.054163 -0.023425 1.343521 0.063627 -0.022245 1.342416 0.064824 -0.025046 1.33833 0.06362899 -0.051915 1.335913 0.053869 -0.048977 1.332003 0.055348 -0.029753 1.335609 0.060027 -0.028894 1.334803 0.061494 -0.032297 1.33283 0.059956 -0.043718 1.333534 0.056432 -0.043822 1.331849 0.057115 -0.039044 1.331901 0.05846 -0.036634 1.33404 0.058352 -0.035858 1.332055 0.059145  
																			<Colors>: 74 1 1 1 1 1 1 1 1 1 1 1 1 1 1 1 1 1 1 1 1 1 1 1 1 1 1 1 1 1 1 1 1 1 1 1 1 1 1 1 1 1 1 1 1 1 1 1 1 1 1 1 1 1 1 1 1 1 1 1 1 1 1 1 1 1 1 1 1 1 1 1 1 1 1 1 1 1 1 1 1 1 1 1 1 1 1 1 1 1 1 1 1 1 1 1 1 1 1 1 1 1 1 1 1 1 1 1 1 1 1 1 1 1 1 1 1 1 1 1 1 1 1 1 1 1 1 1 1 1 1 1 1 1 1 1 1 1 1 1 1 1 1 1 1 1 1 1 1 1 1 1 1 1 1 1 1 1 1 1 1 1 1 1 1 1 1 1 1 1 1 1 1 1 1 1 1 1 1 1 1 1 1 1 1 1 1 1 1 1 1 1 1 1 1 1 1 1 1 1 1 1 1 1 1 1 1 1 1 1 1 1 1 1 1 1 1 1 1 1 1 1 1 1 1 1 1 1 1 1 1 1 1 1 1 1 1 1 1 1 1 1 1 1 1 1 1 1 1 1 1 1 1 1 1 1 1 1 1 1 1 1 1 1 1 1 1 1 1 1 1 1 1 1 1 1 1 1 1 1 1 1 1 1 1 1 1 1 1 1 1 1 1 1 1 1 1  
																			<TextureCoords0>: 74 0.90249 0.03969002 0.91098 0.03539002 0.89383 0.02859998 0.92883 0.04246998 0.86533 0.04301 0.87318 0.03329998 0.84758 0.03912997 0.93279 0.05466002 0.94513 0.05057001 0.95439 0.06362998 0.86499 0.12198 0.82259 0.05910999 0.9439 0.08459997 0.79011 0.08968997 0.8255 0.04799998 0.80534 0.06762999 0.96243 0.07498002 0.78572 0.08827001 0.95503 0.10443 0.76845 0.11075 0.9259 0.15512 0.94221 0.14939 0.929 0.17041 0.91179 0.18337 0.77988 0.13575 0.76672 0.13699 0.78214 0.15973 0.89634 0.18201 0.89238 0.19798 0.79424 0.16791 0.79838 0.18155 0.81485 0.19231 0.85813 0.18957 0.86803 0.19829 0.84503 0.19859 0.82725 0.18641 0.83035 0.19554 0.91098 0.03539002 0.90249 0.03969002 0.89383 0.02859998 0.92883 0.04246998 0.86533 0.04301 0.87318 0.03329998 0.84758 0.03912997 0.93279 0.05466002 0.94513 0.05057001 0.95439 0.06362998 0.86499 0.12198 0.82259 0.05910999 0.9439 0.08459997 0.79011 0.08968997 0.8255 0.04799998 0.80534 0.06762999 0.96243 0.07498002 0.78572 0.08827001 0.95503 0.10443 0.76845 0.11075 0.9259 0.15512 0.94221 0.14939 0.929 0.17041 0.91179 0.18337 0.77988 0.13575 0.76672 0.13699 0.78214 0.15973 0.89634 0.18201 0.89238 0.19798 0.79424 0.16791 0.79838 0.18155 0.81485 0.19231 0.85813 0.18957 0.86803 0.19829 0.84503 0.19859 0.82725 0.18641 0.83035 0.19554  
																			<TextureCoords1>: 74 0.90249 0.03969002 0.91098 0.03539002 0.89383 0.02859998 0.92883 0.04246998 0.86533 0.04301 0.87318 0.03329998 0.84758 0.03912997 0.93279 0.05466002 0.94513 0.05057001 0.95439 0.06362998 0.86499 0.12198 0.82259 0.05910999 0.9439 0.08459997 0.79011 0.08968997 0.8255 0.04799998 0.80534 0.06762999 0.96243 0.07498002 0.78572 0.08827001 0.95503 0.10443 0.76845 0.11075 0.9259 0.15512 0.94221 0.14939 0.929 0.17041 0.91179 0.18337 0.77988 0.13575 0.76672 0.13699 0.78214 0.15973 0.89634 0.18201 0.89238 0.19798 0.79424 0.16791 0.79838 0.18155 0.81485 0.19231 0.85813 0.18957 0.86803 0.19829 0.84503 0.19859 0.82725 0.18641 0.83035 0.19554 0.91098 0.03539002 0.90249 0.03969002 0.89383 0.02859998 0.92883 0.04246998 0.86533 0.04301 0.87318 0.03329998 0.84758 0.03912997 0.93279 0.05466002 0.94513 0.05057001 0.95439 0.06362998 0.86499 0.12198 0.82259 0.05910999 0.9439 0.08459997 0.79011 0.08968997 0.8255 0.04799998 0.80534 0.06762999 0.96243 0.07498002 0.78572 0.08827001 0.95503 0.10443 0.76845 0.11075 0.9259 0.15512 0.94221 0.14939 0.929 0.17041 0.91179 0.18337 0.77988 0.13575 0.76672 0.13699 0.78214 0.15973 0.89634 0.18201 0.89238 0.19798 0.79424 0.16791 0.79838 0.18155 0.81485 0.19231 0.85813 0.18957 0.86803 0.19829 0.84503 0.19859 0.82725 0.18641 0.83035 0.19554  
																			<Normals>: 74 0.07580695 -0.608696 0.7897736 -0.01258305 -0.7516564 0.6594348 0.1130747 -0.7661937 0.6325831 0.0305645 -0.6373582 0.7699614 0.2619145 -0.6449315 0.7179583 0.2457976 -0.794034 0.5559618 0.3317674 -0.7186618 0.6111102 0.1264072 -0.4978878 0.8579796 0.1386676 -0.5224114 0.8413427 -0.09420715 -0.4240494 0.9007259 0.2806939 -0.156454 0.9469599 0.4177253 -0.5246246 0.741805 -0.1064146 -0.2256935 0.9683689 0.5190589 -0.3777071 0.7667563 0.4338501 -0.6076409 0.6652418 0.5416942 -0.5057978 0.6713688 -0.4898283 -0.1207689 0.8634137 0.5990329 -0.4360158 0.6716023 -0.2016287 -0.0197924 0.979262 0.6613113 -0.2756186 0.6976402 0.09950387 0.04206668 0.9941475 0.04010654 0.002662639 0.9991918 0.2088659 0.04813921 0.9767587 0.1669631 0.1816171 0.9690916 0.5914627 -0.06633085 0.8035995 0.7028303 0.01975158 0.7110833 0.6590872 0.2617339 0.7050528 0.1682045 0.1806381 0.9690599 0.2162725 0.2787619 0.9356912 0.5046048 0.2429694 0.8284564 0.6393231 0.4515143 0.6224153 0.3885622 0.3486071 0.8529317 0.266458 0.2598604 0.9281556 0.2727314 0.375848 0.8856387 0.2461707 0.3381296 0.9083327 0.2614783 0.2358993 0.9359384 0.2416845 0.277036 0.9299676 0.01258305 -0.7516564 0.6594348 -0.07580695 -0.608696 0.7897736 -0.1130748 -0.7661937 0.6325831 -0.0305645 -0.6373582 0.7699614 -0.2619145 -0.6449315 0.7179583 -0.2457976 -0.7940339 0.5559618 -0.3317674 -0.7186618 0.61111 -0.1264072 -0.4978878 0.8579796 -0.1386676 -0.5224114 0.8413427 0.09420715 -0.4240494 0.9007259 -0.2806939 -0.156454 0.9469599 -0.4177253 -0.5246246 0.741805 0.1064146 -0.2256935 0.9683689 -0.5190589 -0.3777071 0.7667563 -0.4338501 -0.6076409 0.6652418 -0.5416942 -0.5057978 0.6713688 0.4898283 -0.1207689 0.8634137 -0.5990329 -0.4360158 0.6716023 0.2016287 -0.0197924 0.979262 -0.6613113 -0.2756186 0.6976402 -0.09950388 0.04206667 0.9941475 -0.04010654 0.002662643 0.9991918 -0.2088659 0.04813921 0.9767587 -0.1669631 0.1816171 0.9690916 -0.5914627 -0.06633085 0.8035994 -0.7028303 0.01975158 0.7110832 -0.6590872 0.2617339 0.7050528 -0.1682045 0.1806381 0.9690599 -0.2162725 0.2787618 0.9356912 -0.5046047 0.2429695 0.8284563 -0.6393231 0.4515143 0.6224153 -0.3885623 0.3486072 0.8529316 -0.266458 0.2598604 0.9281556 -0.2727313 0.3758479 0.8856387 -0.2461707 0.3381295 0.9083327 -0.2614783 0.2358993 0.9359384 -0.2416844 0.277036 0.9299676  
																			<Tangents>: 74 0.9558473 -0.1811658 -0.2313761 0.9586171 0.1785182 0.2217758 0.9259951 -0.1495458 -0.3466544 0.9898798 0.1261006 0.06508902 0.9153491 -0.06974552 -0.3965749 0.8676692 -0.07546066 -0.4913815 0.8641946 -0.02823134 -0.5023651 0.9689099 -0.1234723 -0.214402 0.9889601 0.1178617 -0.0898141 0.9937834 -0.09397036 0.05970011 0.9586167 -0.003222677 -0.2846816 0.8840124 0.04612837 -0.4651819 0.9806559 -0.184734 0.06470964 0.8372975 0.04439685 -0.544942 0.875415 0.1096378 -0.4707739 0.793542 0.04429104 -0.6069015 0.4721677 -0.8692873 0.1462778 0.7076678 -0.104162 -0.6988252 0.7442755 -0.6530245 0.1400467 0.7264417 0.003528683 -0.687219 0.9935153 -0.0594366 -0.09692558 0.6786995 -0.7339807 -0.0252864 0.8431378 -0.5148976 -0.1549165 0.8008535 -0.5983022 -0.02585008 0.8060858 0.02399728 -0.5913119 0.6384748 0.4232392 -0.6428207 0.7435077 -0.08573198 -0.6632091 0.9849241 0.00948718 -0.1727266 0.9724446 0.02394467 -0.2319012 0.8563427 -0.01884226 -0.516064 0.7645141 -0.2865406 -0.5774189 0.905406 0.0273902 -0.4236623 0.9558774 0.05232968 -0.2890674 0.9560428 -0.002824906 -0.2932134 0.9625211 0.024761 -0.2700739 0.9459091 0.1303152 -0.2971093 0.9634616 0.04552155 -0.2639499 -0.9586171 0.1785182 0.2217758 -0.9558473 -0.1811658 -0.2313761 -0.9259951 -0.1495458 -0.3466544 -0.9898798 0.1261006 0.06508902 -0.9153491 -0.06974552 -0.3965749 -0.8676692 -0.07546063 -0.4913815 -0.8641946 -0.0282313 -0.5023651 -0.9689099 -0.1234723 -0.214402 -0.9889601 0.1178617 -0.0898141 -0.9937834 -0.09397036 0.05970011 -0.9586167 -0.003222677 -0.2846816 -0.8840124 0.04612837 -0.4651819 -0.9806559 -0.184734 0.06470963 -0.8372975 0.04439685 -0.544942 -0.875415 0.1096378 -0.470774 -0.793542 0.04429104 -0.6069015 -0.4721677 -0.8692873 0.1462778 -0.7076678 -0.104162 -0.6988252 -0.7442755 -0.6530245 0.1400467 -0.7264417 0.003528683 -0.687219 -0.9935153 -0.0594366 -0.09692559 -0.6786995 -0.7339807 -0.0252864 -0.8431378 -0.5148976 -0.1549165 -0.8008535 -0.5983022 -0.02585008 -0.8060858 0.02399728 -0.5913119 -0.6384748 0.4232392 -0.6428208 -0.7435077 -0.08573198 -0.6632091 -0.9849241 0.00948718 -0.1727266 -0.9724446 0.02394467 -0.2319012 -0.8563427 -0.01884227 -0.516064 -0.7645141 -0.2865406 -0.5774189 -0.905406 0.02739016 -0.4236624 -0.9558774 0.05232968 -0.2890674 -0.9560428 -0.002824896 -0.2932134 -0.9625211 0.024761 -0.2700739 -0.9459091 0.1303152 -0.2971092 -0.9634616 0.04552155 -0.2639498  
