<Hierarchy>:
	<Frame>: 0 0 Vampire_A_Lusth
		<Transform>: 0 0 0 0 0 0 1 1 1 0 0 0 1  
		<TransformMatrix>: 1 0 0 0 0 1 0 0 0 0 1 0 0 0 0 1  
		<Children>: 2
			<Frame>: 1 0 mixamorig:Hips
				<Transform>: 0.0007195861 1.217438 0.01014779 3.236598E-11 -5.352578E-07 -8.337948E-05 1 1 1 2.858452E-13 -4.671005E-09 -7.276232E-07 1  
				<TransformMatrix>: 1 -1.455246E-06 9.34201E-09 0 1.455246E-06 1 5.784878E-13 0 -9.34201E-09 -5.648929E-13 1 0 0.0007195861 1.217438 0.01014779 1  
				<Children>: 10
					<Frame>: 2 0 mixamorig:F_skirt1
						<Transform>: 0.0009374829 -0.03741821 0.2406772 -9.220756E-05 89.99999 86.97471 1 1 1 0.4866265 0.5130249 0.4866274 0.5130242  
						<TransformMatrix>: -1.549721E-06 0.9986063 -0.05277681 0 -2.384186E-07 0.05277681 0.9986063 0 1 1.609325E-06 1.788139E-07 0 0.0009374829 -0.03741821 0.2406772 1  
						<Children>: 1
							<Frame>: 3 0 mixamorig:F_skirt2
								<Transform>: -0.2356775 -5.659849E-11 -1.054712E-16 0 0 0 1 1 1 0 0 0 1  
								<TransformMatrix>: 1 0 0 0 0 1 0 0 0 0 1 0 -0.2356775 -5.659849E-11 -1.054712E-16 1  
								<Children>: 1
									<Frame>: 4 0 mixamorig:F_skirt3
										<Transform>: -0.235455 -5.654453E-11 -3.080869E-17 0 0 0 1 1 1 0 0 0 1  
										<TransformMatrix>: 1 0 0 0 0 1 0 0 0 0 1 0 -0.235455 -5.654453E-11 -3.080869E-17 1  
										<Children>: 1
											<Frame>: 5 0 mixamorig:F_skirt4
												<Transform>: -0.2491955 -5.984511E-11 -1.304512E-16 0 0 0 1 1 1 0 0 0 1  
												<TransformMatrix>: 1 0 0 0 0 1 0 0 0 0 1 0 -0.2491955 -5.984511E-11 -1.304512E-16 1  
												<Children>: 0
											</Frame>
									</Frame>
							</Frame>
					</Frame>
					<Frame>: 6 0 mixamorig:L_A_skirt1
						<Transform>: -0.1817842 0.0398111 0.1950481 8.122754 50.95361 87.03959 1 1 1 0.3418205 0.267103 0.5979924 0.6739584  
						<TransformMatrix>: 0.1421221 0.9886465 0.04877943 0 -0.6234413 0.05112779 0.7801967 0 0.7688447 -0.1412944 0.6236295 0 -0.1817842 0.0398111 0.1950481 1  
						<Children>: 1
							<Frame>: 7 0 mixamorig:L_A_skirt2
								<Transform>: -0.2733573 -5.047248E-11 -4.09273E-11 0 0 0 1 1 1 0 0 0 1  
								<TransformMatrix>: 1 0 0 0 0 1 0 0 0 0 1 0 -0.2733573 -5.047248E-11 -4.09273E-11 1  
								<Children>: 1
									<Frame>: 8 0 mixamorig:L_A_skirt3
										<Transform>: -0.2706611 -4.997474E-11 -4.052349E-11 0 0 0 1 1 1 0 0 0 1  
										<TransformMatrix>: 1 0 0 0 0 1 0 0 0 0 1 0 -0.2706611 -4.997474E-11 -4.052349E-11 1  
										<Children>: 1
											<Frame>: 9 0 mixamorig:L_A_skirt4
												<Transform>: -0.3088156 -5.701935E-11 -4.62364E-11 0 0 0 1 1 1 0 0 0 1  
												<TransformMatrix>: 1 0 0 0 0 1 0 0 0 0 1 0 -0.3088156 -5.701935E-11 -4.62364E-11 1  
												<Children>: 0
											</Frame>
									</Frame>
							</Frame>
					</Frame>
					<Frame>: 10 0 mixamorig:L_B_skirt1
						<Transform>: -0.2293385 0.06145821 0.003092859 2.843294 342.3107 80.51173 1 1 1 -0.08061812 -0.133147 0.6412326 0.7513943  
						<TransformMatrix>: 0.1421852 0.9851051 0.09670192 0 -0.9421689 0.1646429 -0.2919084 0 -0.3034818 -0.04960447 0.9515452 0 -0.2293385 0.06145821 0.003092859 1  
						<Children>: 1
							<Frame>: 11 0 mixamorig:L_B_skirt2
								<Transform>: -0.270834 1.973902E-11 -6.127968E-11 0 0 0 1 1 1 0 0 0 1  
								<TransformMatrix>: 1 0 0 0 0 1 0 0 0 0 1 0 -0.270834 1.973902E-11 -6.127968E-11 1  
								<Children>: 1
									<Frame>: 12 0 mixamorig:L_B_skirt3
										<Transform>: -0.2673477 1.948464E-11 -6.049099E-11 0 0 0 1 1 1 0 0 0 1  
										<TransformMatrix>: 1 0 0 0 0 1 0 0 0 0 1 0 -0.2673477 1.948464E-11 -6.049099E-11 1  
										<Children>: 1
											<Frame>: 13 0 mixamorig:L_B_skirt4
												<Transform>: -0.298212 2.173429E-11 -6.747456E-11 0 0 0 1 1 1 0 0 0 1  
												<TransformMatrix>: 1 0 0 0 0 1 0 0 0 0 1 0 -0.298212 2.173429E-11 -6.747456E-11 1  
												<Children>: 0
											</Frame>
									</Frame>
							</Frame>
					</Frame>
					<Frame>: 14 0 mixamorig:L_C_skirt1
						<Transform>: -0.1244123 0.04606997 -0.1183295 0.502915 287.0986 81.51869 1 1 1 -0.3852204 -0.45233 0.5271287 0.6075674  
						<TransformMatrix>: 0.03506589 0.989026 0.1435204 0 -0.2920389 0.1474811 -0.944967 0 -0.9557634 -0.00877741 0.2940056 0 -0.1244123 0.04606997 -0.1183295 1  
						<Children>: 1
							<Frame>: 15 0 mixamorig:L_C_skirt2
								<Transform>: -0.2765783 6.348259E-11 -1.93974E-11 0 0 0 1 1 1 0 0 0 1  
								<TransformMatrix>: 1 0 0 0 0 1 0 0 0 0 1 0 -0.2765783 6.348259E-11 -1.93974E-11 1  
								<Children>: 1
									<Frame>: 16 0 mixamorig:L_C_skirt3
										<Transform>: -0.2397012 5.501817E-11 -1.681098E-11 0 0 0 1 1 1 0 0 0 1  
										<TransformMatrix>: 1 0 0 0 0 1 0 0 0 0 1 0 -0.2397012 5.501817E-11 -1.681098E-11 1  
										<Children>: 1
											<Frame>: 17 0 mixamorig:L_C_skirt4
												<Transform>: -0.3079239 7.067762E-11 -2.159579E-11 0 0 0 1 1 1 0 0 0 1  
												<TransformMatrix>: 1 0 0 0 0 1 0 0 0 0 1 0 -0.3079239 7.067762E-11 -2.159579E-11 1  
												<Children>: 0
											</Frame>
									</Frame>
							</Frame>
					</Frame>
					<Frame>: 18 0 mixamorig:LeftUpLeg
						<Transform>: -0.1302686 -0.0633631 -0.0109277 347.8091 -2.458586E-05 180.0001 1 1 1 -1.41011E-07 0.1061851 0.9943464 -6.545174E-07  
						<TransformMatrix>: -1 -1.331581E-06 -1.414276E-07 0 1.271687E-06 -0.9774494 0.2111696 0 -4.194277E-07 0.2111696 0.9774494 0 -0.1302686 -0.0633631 -0.0109277 1  
						<Children>: 1
							<Frame>: 19 0 mixamorig:LeftLeg
								<Transform>: -5.938697E-08 0.46951 -2.131628E-16 334.054 -5.323805E-06 -1.659121E-06 1 1 1 -0.2244917 -4.852346E-08 -2.453866E-08 0.974476  
								<TransformMatrix>: 1 -2.603845E-08 1.055873E-07 0 6.96109E-08 0.899207 -0.4375235 0 -8.355244E-08 0.4375235 0.899207 0 -5.938697E-08 0.46951 -2.131628E-16 1  
								<Children>: 1
									<Frame>: 20 0 mixamorig:LeftFoot
										<Transform>: -1.008119E-07 0.55112 3.756995E-15 59.28684 2.684253E-05 -4.924793E-05 1 1 1 0.4946006 4.161515E-07 -4.893791E-07 0.8691204  
										<TransformMatrix>: 1 -4.390011E-07 -1.207466E-06 0 1.262316E-06 0.5107405 0.859735 0 2.392771E-07 -0.859735 0.5107405 0 -1.008119E-07 0.55112 3.756995E-15 1  
										<Children>: 1
											<Frame>: 21 0 mixamorig:LeftToeBase
												<Transform>: -2.922557E-07 0.228 -3.552714E-15 44.43298 -7.028702E-05 -4.24501E-05 1 1 1 0.3781072 -4.277657E-07 -1.110261E-07 0.9257618  
												<TransformMatrix>: 1 -5.290501E-07 7.080588E-07 0 -1.179152E-07 0.7140698 0.7000745 0 -8.759779E-07 -0.7000745 0.7140698 0 -2.922557E-07 0.228 -3.552714E-15 1  
												<Children>: 1
													<Frame>: 22 0 mixamorig:LeftToe_End
														<Transform>: -8.272746E-08 0.09596 -8.690729E-14 8.169027E-11 -2.357E-32 -1.653149E-20 1 1 1 7.128821E-13 -1.028435E-34 -1.442644E-22 1  
														<TransformMatrix>: 1 -2.885288E-22 0 0 2.885288E-22 1 1.425764E-12 0 -4.113741E-34 -1.425764E-12 1 0 -8.272746E-08 0.09596 -8.690729E-14 1  
														<Children>: 0
													</Frame>
											</Frame>
									</Frame>
							</Frame>
					</Frame>
					<Frame>: 23 0 mixamorig:R_A_skirt1
						<Transform>: 0.1803454 0.03980811 0.1950485 351.8771 129.0464 87.03947 1 1 1 0.5979912 0.6739594 0.3418209 0.2671026  
						<TransformMatrix>: -0.1421256 0.988646 0.04877928 0 0.6234411 0.05112988 0.7801968 0 0.7688444 0.1412968 -0.6236296 0 0.1803454 0.03980811 0.1950485 1  
						<Children>: 1
							<Frame>: 24 0 mixamorig:R_A_skirt2
								<Transform>: -0.2733536 -7.959654E-07 5.696265E-07 0 0 0 1 1 1 0 0 0 1  
								<TransformMatrix>: 1 0 0 0 0 1 0 0 0 0 1 0 -0.2733536 -7.959654E-07 5.696265E-07 1  
								<Children>: 1
									<Frame>: 25 0 mixamorig:R_A_skirt3
										<Transform>: -0.2706611 9.20576E-07 5.721794E-08 0 0 0 1 1 1 0 0 0 1  
										<TransformMatrix>: 1 0 0 0 0 1 0 0 0 0 1 0 -0.2706611 9.20576E-07 5.721794E-08 1  
										<Children>: 1
											<Frame>: 26 0 mixamorig:R_A_skirt4
												<Transform>: -0.3088162 -1.88839E-07 -2.27716E-08 0 0 0 1 1 1 0 0 0 1  
												<TransformMatrix>: 1 0 0 0 0 1 0 0 0 0 1 0 -0.3088162 -1.88839E-07 -2.27716E-08 1  
												<Children>: 0
											</Frame>
									</Frame>
							</Frame>
					</Frame>
					<Frame>: 27 0 mixamorig:R_B_skirt1
						<Transform>: 0.2278994 0.0614582 0.003092867 357.1568 197.6893 80.51154 1 1 1 0.6412314 0.7513953 -0.0806183 -0.1331469  
						<TransformMatrix>: -0.1421885 0.9851047 0.09670191 0 0.9421684 0.164646 -0.2919083 0 -0.3034818 0.04960346 -0.9515452 0 0.2278994 0.0614582 0.003092867 1  
						<Children>: 1
							<Frame>: 28 0 mixamorig:R_B_skirt2
								<Transform>: -0.2708341 -7.812081E-08 -5.546125E-08 0 0 0 1 1 1 0 0 0 1  
								<TransformMatrix>: 1 0 0 0 0 1 0 0 0 0 1 0 -0.2708341 -7.812081E-08 -5.546125E-08 1  
								<Children>: 1
									<Frame>: 29 0 mixamorig:R_B_skirt3
										<Transform>: -0.2673471 -2.129383E-07 1.904106E-07 0 0 0 1 1 1 0 0 0 1  
										<TransformMatrix>: 1 0 0 0 0 1 0 0 0 0 1 0 -0.2673471 -2.129383E-07 1.904106E-07 1  
										<Children>: 1
											<Frame>: 30 0 mixamorig:R_B_skirt4
												<Transform>: -0.2982119 1.489236E-07 -1.132192E-07 0 0 0 1 1 1 0 0 0 1  
												<TransformMatrix>: 1 0 0 0 0 1 0 0 0 0 1 0 -0.2982119 1.489236E-07 -1.132192E-07 1  
												<Children>: 0
											</Frame>
									</Frame>
							</Frame>
					</Frame>
					<Frame>: 31 0 mixamorig:R_C_skirt1
						<Transform>: 0.1229734 0.04606801 -0.1183295 359.4973 252.9014 81.51863 1 1 1 0.5271277 0.6075684 -0.3852211 -0.4523293  
						<TransformMatrix>: -0.03506935 0.9890259 0.1435204 0 0.2920387 0.147482 -0.944967 0 -0.9557634 0.008774281 -0.294006 0 0.1229734 0.04606801 -0.1183295 1  
						<Children>: 1
							<Frame>: 32 0 mixamorig:R_C_skirt2
								<Transform>: -0.2765763 6.92167E-07 4.253077E-08 0 0 0 1 1 1 0 0 0 1  
								<TransformMatrix>: 1 0 0 0 0 1 0 0 0 0 1 0 -0.2765763 6.92167E-07 4.253077E-08 1  
								<Children>: 1
									<Frame>: 33 0 mixamorig:R_C_skirt3
										<Transform>: -0.2397005 -1.158878E-07 6.935227E-07 0 0 0 1 1 1 0 0 0 1  
										<TransformMatrix>: 1 0 0 0 0 1 0 0 0 0 1 0 -0.2397005 -1.158878E-07 6.935227E-07 1  
										<Children>: 1
											<Frame>: 34 0 mixamorig:R_C_skirt4
												<Transform>: -0.3079241 -4.143444E-07 8.636459E-09 0 0 0 1 1 1 0 0 0 1  
												<TransformMatrix>: 1 0 0 0 0 1 0 0 0 0 1 0 -0.3079241 -4.143444E-07 8.636459E-09 1  
												<Children>: 0
											</Frame>
									</Frame>
							</Frame>
					</Frame>
					<Frame>: 35 0 mixamorig:RightUpLeg
						<Transform>: 0.1288296 -0.06336198 -0.01092767 347.809 -1.573111E-05 180.0001 1 1 1 -6.417488E-08 0.1061861 0.9943463 -6.627227E-07  
						<TransformMatrix>: -1 -1.331581E-06 1.31198E-08 0 1.304323E-06 -0.9774492 0.2111716 0 -2.68368E-07 0.2111716 0.977449 0 0.1288296 -0.06336198 -0.01092767 1  
						<Children>: 1
							<Frame>: 36 0 mixamorig:RightLeg
								<Transform>: 1.276289E-08 0.4695108 -1.49214E-15 334.0538 1.018672E-06 1.397344E-06 1 1 1 -0.2244933 1.140019E-08 1.387854E-08 0.9744757  
								<TransformMatrix>: 1 2.193006E-08 -2.84497E-08 0 -3.216712E-08 0.8992056 -0.4375264 0 1.598715E-08 0.4375264 0.8992056 0 1.276289E-08 0.4695108 -1.49214E-15 1  
								<Children>: 1
									<Frame>: 37 0 mixamorig:RightFoot
										<Transform>: 5.924798E-10 0.5511197 -4.352074E-16 59.28657 -0.0001612577 -0.000150601 1 1 1 0.4945986 -5.730399E-07 -4.462175E-07 0.8691216  
										<TransformMatrix>: 1 -1.342484E-06 5.546857E-07 0 2.08785E-07 0.5107445 0.8597326 0 -1.43748E-06 -0.8597326 0.5107445 0 5.924798E-10 0.5511197 -4.352074E-16 1  
										<Children>: 1
											<Frame>: 38 0 mixamorig:RightToeBase
												<Transform>: -1.257682E-10 0.228 -5.32907E-17 44.43279 -4.427527E-05 -8.254344E-05 1 1 1 0.3781057 -8.533122E-08 -5.207617E-07 0.9257625  
												<TransformMatrix>: 1 -1.028732E-06 -2.35813E-07 0 8.996749E-07 0.7140722 0.7000721 0 -5.517988E-07 -0.7000721 0.7140722 0 -1.257682E-10 0.228 -5.32907E-17 1  
												<Children>: 1
													<Frame>: 39 0 mixamorig:RightToe_End
														<Transform>: 2.436041E-11 0.09596033 -3.736594E-17 0 0 0 1 1 1 0 0 0 1  
														<TransformMatrix>: 1 0 0 0 0 1 0 0 0 0 1 0 2.436041E-11 0.09596033 -3.736594E-17 1  
														<Children>: 0
													</Frame>
											</Frame>
									</Frame>
							</Frame>
					</Frame>
					<Frame>: 40 0 mixamorig:Spine
						<Transform>: -0.0007196934 0.07257316 -0.00789679 354.5637 -1.3913E-05 7.775348E-05 1 1 1 -0.04742332 -8.90992E-08 6.720059E-07 0.9988749  
						<TransformMatrix>: 1 1.35095E-06 1.142604E-07 0 -1.334049E-06 0.9955021 -0.09473993 0 -2.417354E-07 0.09473993 0.9955021 0 -0.0007196934 0.07257316 -0.00789679 1  
						<Children>: 1
							<Frame>: 41 0 mixamorig:Spine1
								<Transform>: 1.663941E-18 0.08558704 1.493246E-11 7.951387E-16 -1.22688E-11 7.735087E-11 1 1 1 6.938894E-18 -1.070655E-13 6.750136E-13 1  
								<TransformMatrix>: 1 1.350027E-12 2.141309E-13 0 -1.350027E-12 1 1.387779E-17 0 -2.141309E-13 -1.387779E-17 1 0 1.663941E-18 0.08558704 1.493246E-11 1  
								<Children>: 3
									<Frame>: 42 0 mixamorig:L_horn1
										<Transform>: -0.01847616 0.04379687 -0.1011591 328.1862 290.0769 55.31461 1 1 1 -0.4547534 -0.3838556 0.2267404 0.7710013  
										<TransformMatrix>: 0.6024874 0.6987535 0.3856844 0 -0.0005149841 0.4835762 -0.8753021 0 -0.7981282 0.5271599 0.2917085 0 -0.01847616 0.04379687 -0.1011591 1  
										<Children>: 1
											<Frame>: 43 0 mixamorig:L_horn2
												<Transform>: -0.2034055 3.89872E-11 -2.643219E-14 0 0 0 1 1 1 0 0 0 1  
												<TransformMatrix>: 1 0 0 0 0 1 0 0 0 0 1 0 -0.2034055 3.89872E-11 -2.643219E-14 1  
												<Children>: 0
											</Frame>
									</Frame>
									<Frame>: 44 0 mixamorig:R_horn1
										<Transform>: 0.0314769 0.0453667 -0.1029046 31.37911 248.8519 65.71919 1 1 1 0.3024565 0.7500178 -0.4826874 -0.3361641  
										<TransformMatrix>: -0.5910279 0.7782199 0.2122743 0 0.1291711 0.3510659 -0.9273984 0 -0.796242 -0.5206984 -0.3080133 0 0.0314769 0.0453667 -0.1029046 1  
										<Children>: 1
											<Frame>: 45 0 mixamorig:R_horn2
												<Transform>: -0.2137437 4.08712E-11 6.630784E-12 0 0 0 1 1 1 0 0 0 1  
												<TransformMatrix>: 1 0 0 0 0 1 0 0 0 0 1 0 -0.2137437 4.08712E-11 6.630784E-12 1  
												<Children>: 0
											</Frame>
									</Frame>
									<Frame>: 46 0 mixamorig:Spine2
										<Transform>: -6.564505E-21 0.2914945 0.01721109 5.436351 -2.268309E-14 -3.852842E-15 1 1 1 0.04742332 -1.961301E-16 -2.419725E-17 0.9988749  
										<TransformMatrix>: 1 -6.694233E-17 3.895238E-16 0 2.973777E-17 0.9955021 0.09473993 0 -3.941139E-16 -0.09473993 0.9955021 0 -6.564505E-21 0.2914945 0.01721109 1  
										<Children>: 3
											<Frame>: 47 0 mixamorig:LeftShoulder
												<Transform>: -0.1258489 0.1139524 -0.01453073 66.2107 89.99999 172.8787 1 1 1 0.6151627 -0.3486758 0.5671917 0.4222484  
												<TransformMatrix>: 0.1134376 0.05000681 0.992286 0 -0.9079763 -0.4002631 0.1239709 0 0.4033747 -0.915035 0 0 -0.1258489 0.1139524 -0.01453073 1  
												<Children>: 1
													<Frame>: 48 0 mixamorig:LeftArm
														<Transform>: 0 0.1531934 0 336.4054 356.8719 7.774734 1 1 1 -0.2057152 -0.01280107 0.06077098 0.9766393  
														<TransformMatrix>: 0.992286 0.1239694 1.026317E-06 0 -0.1134359 0.9079763 -0.403375 0 -0.05000709 0.4002632 0.9150348 0 0 0.1531934 0 1  
														<Children>: 1
															<Frame>: 49 0 mixamorig:LeftForeArm
																<Transform>: -1.132427E-16 0.3410931 3.097966E-14 -3.415095E-06 8.537738E-06 0 1 1 1 -2.980232E-08 7.450581E-08 2.220446E-15 1  
																<TransformMatrix>: 1 0 -1.490116E-07 0 -8.881785E-15 1 -5.960464E-08 0 1.490116E-07 5.960464E-08 1 0 -1.132427E-16 0.3410931 3.097966E-14 1  
																<Children>: 1
																	<Frame>: 50 0 mixamorig:LeftHand
																		<Transform>: 1.859721E-09 0.4107595 -7.958079E-15 359.8376 359.9421 0.4459117 1 1 1 -0.001419074 -0.0004994543 0.003890584 0.9999913  
																		<TransformMatrix>: 0.9999692 0.007782517 0.0009878578 0 -0.007779682 0.9999657 -0.00284201 0 -0.001009942 0.002834237 0.9999955 0 1.859721E-09 0.4107595 -7.958079E-15 1  
																		<Children>: 5
																			<Frame>: 51 0 mixamorig:LeftHandIndex1
																				<Transform>: 0.04736604 0.1829681 0.009735288 0.1623483 -0.0006377585 359.5541 1 1 1 0.001416767 -5.232436E-08 -0.003891358 0.9999914  
																				<TransformMatrix>: 0.9999697 -0.007782649 -1.092165E-05 0 0.007782649 0.9999657 0.00283351 0 -1.113094E-05 -0.002833509 0.999996 0 0.04736604 0.1829681 0.009735288 1  
																				<Children>: 1
																					<Frame>: 52 0 mixamorig:LeftHandIndex2
																						<Transform>: -1.021405E-16 0.04697569 1.705303E-15 -5.633217E-05 1.886496E-05 -1.268357E-05 1 1 1 -4.915909E-07 1.646278E-07 -1.106849E-07 1  
																						<TransformMatrix>: 1 -2.2137E-07 -3.292554E-07 0 2.213697E-07 1 -9.831818E-07 0 3.292557E-07 9.831818E-07 1 0 -1.021405E-16 0.04697569 1.705303E-15 1  
																						<Children>: 1
																							<Frame>: 53 0 mixamorig:LeftHandIndex3
																								<Transform>: 2.157829E-14 0.02893948 -2.842171E-15 -4.159708E-05 -3.424877E-06 4.157883E-05 1 1 1 -3.63003E-07 -2.988756E-08 3.628437E-07 1  
																								<TransformMatrix>: 1 7.256874E-07 5.977485E-08 0 -7.256874E-07 1 -7.260059E-07 0 -5.977537E-08 7.260059E-07 1 0 2.157829E-14 0.02893948 -2.842171E-15 1  
																								<Children>: 1
																									<Frame>: 54 0 mixamorig:LeftHandIndex4
																										<Transform>: 5.77316E-16 0.06140645 1.136868E-15 0 0 0 1 1 1 0 0 0 1  
																										<TransformMatrix>: 1 0 0 0 0 1 0 0 0 0 1 0 5.77316E-16 0.06140645 1.136868E-15 1  
																										<Children>: 0
																									</Frame>
																							</Frame>
																					</Frame>
																			</Frame>
																			<Frame>: 55 0 mixamorig:LeftHandMiddle1
																				<Transform>: 0.001394595 0.1792445 0.0005079082 0.1624336 -0.0006261798 359.5541 1 1 1 0.00141751 5.118909E-08 -0.003891059 0.9999914  
																				<TransformMatrix>: 0.9999697 -0.007782051 -1.113361E-05 0 0.007782051 0.9999657 0.002834996 0 -1.092885E-05 -0.002834997 0.999996 0 0.001394595 0.1792445 0.0005079082 1  
																				<Children>: 1
																					<Frame>: 56 0 mixamorig:LeftHandMiddle2
																						<Transform>: 0 0.05001898 -1.136868E-15 -2.032971E-05 1.19578E-05 -2.879975E-06 1 1 1 -1.774102E-07 1.043515E-07 -2.51325E-08 1  
																						<TransformMatrix>: 1 -5.026504E-08 -2.087029E-07 0 5.026497E-08 1 -3.548204E-07 0 2.087029E-07 3.548204E-07 1 0 0 0.05001898 -1.136868E-15 1  
																						<Children>: 1
																							<Frame>: 57 0 mixamorig:LeftHandMiddle3
																								<Transform>: 7.336354E-15 0.03278591 2.842171E-16 5.070639E-06 -3.152059E-05 5.02378E-05 1 1 1 4.424955E-08 -2.750691E-07 4.384075E-07 1  
																								<TransformMatrix>: 1 8.768151E-07 5.501382E-07 0 -8.768151E-07 1 8.849886E-08 0 -5.501381E-07 -8.849934E-08 1 0 7.336354E-15 0.03278591 2.842171E-16 1  
																								<Children>: 1
																									<Frame>: 58 0 mixamorig:LeftHandMiddle4
																										<Transform>: -1.731948E-16 0.04422929 8.526513E-16 0 0 0 1 1 1 0 0 0 1  
																										<TransformMatrix>: 1 0 0 0 0 1 0 0 0 0 1 0 -1.731948E-16 0.04422929 8.526513E-16 1  
																										<Children>: 0
																									</Frame>
																							</Frame>
																					</Frame>
																			</Frame>
																			<Frame>: 59 0 mixamorig:LeftHandPinky1
																				<Transform>: -0.06663862 0.1270785 0.008780666 0.1624006 -0.0006393954 359.5541 1 1 1 0.001417223 -6.548586E-08 -0.003890897 0.9999914  
																				<TransformMatrix>: 0.9999697 -0.007781727 -1.089757E-05 0 0.007781727 0.9999657 0.002834423 0 -1.115951E-05 -0.002834422 0.999996 0 -0.06663862 0.1270785 0.008780666 1  
																				<Children>: 1
																					<Frame>: 60 0 mixamorig:LeftHandPinky2
																						<Transform>: -1.065814E-16 0.03376609 2.273737E-15 -3.121755E-05 -2.328005E-05 -1.1008E-05 1 1 1 -2.724245E-07 -2.031568E-07 -9.606298E-08 1  
																						<TransformMatrix>: 1 -1.921258E-07 4.063136E-07 0 1.921261E-07 1 -5.44849E-07 0 -4.063135E-07 5.448491E-07 1 0 -1.065814E-16 0.03376609 2.273737E-15 1  
																						<Children>: 1
																							<Frame>: 61 0 mixamorig:LeftHandPinky3
																								<Transform>: -6.377121E-15 0.02998451 -1.421085E-15 1.320971E-05 -2.422936E-05 1.343626E-05 1 1 1 1.152765E-07 -2.114411E-07 1.172535E-07 1  
																								<TransformMatrix>: 1 2.34507E-07 4.228822E-07 0 -2.345071E-07 1 2.305529E-07 0 -4.228821E-07 -2.30553E-07 1 0 -6.377121E-15 0.02998451 -1.421085E-15 1  
																								<Children>: 1
																									<Frame>: 62 0 mixamorig:LeftHandPinky4
																										<Transform>: -1.861622E-14 0.05798078 -1.136868E-15 0 0 0 1 1 1 0 0 0 1  
																										<TransformMatrix>: 1 0 0 0 0 1 0 0 0 0 1 0 -1.861622E-14 0.05798078 -1.136868E-15 1  
																										<Children>: 0
																									</Frame>
																							</Frame>
																					</Frame>
																			</Frame>
																			<Frame>: 63 0 mixamorig:LeftHandRing1
																				<Transform>: -0.03988438 0.1576446 0.001517322 0.1624277 -0.0006226536 359.5541 1 1 1 0.001417459 8.133782E-08 -0.00389076 0.9999914  
																				<TransformMatrix>: 0.9999697 -0.007781453 -1.119266E-05 0 0.007781453 0.9999657 0.002834893 0 -1.086731E-05 -0.002834894 0.999996 0 -0.03988438 0.1576446 0.001517322 1  
																				<Children>: 1
																					<Frame>: 64 0 mixamorig:LeftHandRing2
																						<Transform>: -8.881784E-18 0.03497766 1.136868E-15 -4.064761E-05 1.576149E-05 -2.020214E-05 1 1 1 -3.547174E-07 1.375449E-07 -1.762969E-07 1  
																						<TransformMatrix>: 1 -3.525938E-07 -2.750897E-07 0 3.525936E-07 1 -7.094348E-07 0 2.750899E-07 7.094347E-07 1 0 -8.881784E-18 0.03497766 1.136868E-15 1  
																						<Children>: 1
																							<Frame>: 65 0 mixamorig:LeftHandRing3
																								<Transform>: 6.030731E-15 0.02983821 -1.705303E-15 -5.413065E-06 2.95989E-05 6.231375E-05 1 1 1 -4.723776E-08 2.582992E-07 5.4379E-07 1  
																								<TransformMatrix>: 1 1.08758E-06 -5.165984E-07 0 -1.08758E-06 1 -9.447523E-08 0 5.165983E-07 9.44758E-08 1 0 6.030731E-15 0.02983821 -1.705303E-15 1  
																								<Children>: 1
																									<Frame>: 66 0 mixamorig:LeftHandRing4
																										<Transform>: 1.064038E-14 0.04922521 2.842171E-15 -1.964179E-10 -3.555707E-15 -3.882513E-18 1 1 1 -1.71407E-12 -3.10294E-17 -3.388132E-20 1  
																										<TransformMatrix>: 1 -6.776264E-20 6.20588E-17 0 6.776264E-20 1 -3.428139E-12 0 -6.20588E-17 3.428139E-12 1 0 1.064038E-14 0.04922521 2.842171E-15 1  
																										<Children>: 0
																									</Frame>
																							</Frame>
																					</Frame>
																			</Frame>
																			<Frame>: 67 0 mixamorig:LeftHandThumb1
																				<Transform>: 0.09706212 0.09904275 0.07213844 22.05796 344.5561 326.1623 1 1 1 0.2197463 -0.07100793 -0.2584597 0.9380128  
																				<TransformMatrix>: 0.856313 -0.5160844 0.01962158 0 0.4536695 0.7698203 0.4489551 0 -0.2468038 -0.3755444 0.8933389 0 0.09706212 0.09904275 0.07213844 1  
																				<Children>: 1
																					<Frame>: 68 0 mixamorig:LeftHandThumb2
																						<Transform>: -1.421085E-16 0.02368999 2.273737E-15 2.983928E-05 0.002859268 -2.691688E-06 1 1 1 2.603962E-07 2.495182E-05 -2.349591E-08 1  
																						<TransformMatrix>: 1 -4.697883E-08 -4.990364E-05 0 4.700482E-08 1 5.207913E-07 0 4.990364E-05 -5.207937E-07 1 0 -1.421085E-16 0.02368999 2.273737E-15 1  
																						<Children>: 1
																							<Frame>: 69 0 mixamorig:LeftHandThumb3
																								<Transform>: 6.394884E-16 0.02785242 1.136868E-15 8.075528E-06 -0.003852169 5.356565E-05 1 1 1 7.045656E-08 -3.361652E-05 4.674508E-07 1  
																								<TransformMatrix>: 1 9.348969E-07 6.723304E-05 0 -9.349063E-07 1 1.408817E-07 0 -6.723304E-05 -1.409446E-07 1 0 6.394884E-16 0.02785242 1.136868E-15 1  
																								<Children>: 1
																									<Frame>: 70 0 mixamorig:LeftHandThumb4
																										<Transform>: 2.842171E-16 0.06195115 -3.126388E-15 0 0 0 1 1 1 0 0 0 1  
																										<TransformMatrix>: 1 0 0 0 0 1 0 0 0 0 1 0 2.842171E-16 0.06195115 -3.126388E-15 1  
																										<Children>: 0
																									</Frame>
																							</Frame>
																					</Frame>
																			</Frame>
																	</Frame>
															</Frame>
													</Frame>
											</Frame>
											<Frame>: 71 0 mixamorig:Neck
												<Transform>: -1.257098E-09 0.1385794 0.07405259 -5.96354E-16 4.885374E-12 2.605511E-11 1 1 1 -5.20417E-18 4.263293E-14 2.273737E-13 1  
												<TransformMatrix>: 1 4.547474E-13 -8.526585E-14 0 -4.547474E-13 1 -1.040834E-17 0 8.526585E-14 1.040834E-17 1 0 -1.257098E-09 0.1385794 0.07405259 1  
												<Children>: 1
													<Frame>: 72 0 mixamorig:Head
														<Transform>: -4.722085E-10 0.08198501 0.05703134 0 0 3.09814E-35 1 1 1 0 0 2.703637E-37 1  
														<TransformMatrix>: 1 5.407274E-37 0 0 -5.407274E-37 1 0 0 0 0 1 0 -4.722085E-10 0.08198501 0.05703134 1  
														<Children>: 3
															<Frame>: 73 0 LeftEye
																<Transform>: -0.03087949 0.03070129 0.1677341 0 0 0 1 1 1 0 0 0 1  
																<TransformMatrix>: 1 0 0 0 0 1 0 0 0 0 1 0 -0.03087949 0.03070129 0.1677341 1  
																<Children>: 0
															</Frame>
															<Frame>: 74 0 mixamorig:HeadTop_End
																<Transform>: -1.078003E-09 0.1776082 0.1333267 -7.951387E-16 0 3.975078E-32 1 1 1 -6.938894E-18 0 3.46891E-34 1  
																<TransformMatrix>: 1 6.937819E-34 0 0 -6.937819E-34 1 -1.387779E-17 0 0 1.387779E-17 1 0 -1.078003E-09 0.1776082 0.1333267 1  
																<Children>: 0
															</Frame>
															<Frame>: 75 0 RightEye
																<Transform>: 0.03303115 0.03070129 0.1677341 0 0 0 1 1 1 0 0 0 1  
																<TransformMatrix>: 1 0 0 0 0 1 0 0 0 0 1 0 0.03303115 0.03070129 0.1677341 1  
																<Children>: 0
															</Frame>
													</Frame>
											</Frame>
											<Frame>: 76 0 mixamorig:RightShoulder
												<Transform>: 0.125849 0.1139486 -0.01453076 66.21187 270 187.1213 1 1 1 0.6151592 0.3486821 -0.5671873 0.4222542  
												<TransformMatrix>: 0.1134387 -0.05000442 -0.9922858 0 0.9079844 -0.4002445 0.1239709 0 -0.4033559 -0.9150432 0 0 0.125849 0.1139486 -0.01453076 1  
												<Children>: 1
													<Frame>: 77 0 mixamorig:RightArm
														<Transform>: 1.598721E-16 0.1531933 -1.421085E-15 336.4066 3.127936 352.2253 1 1 1 -0.2057045 0.01280036 -0.06077101 0.9766416  
														<TransformMatrix>: 0.9922861 -0.1239692 -1.002103E-06 0 0.1134368 0.9079852 -0.4033548 0 0.05000447 0.4002433 0.9150437 0 1.598721E-16 0.1531933 -1.421085E-15 1  
														<Children>: 1
															<Frame>: 78 0 mixamorig:RightForeArm
																<Transform>: 1.998401E-16 0.3410932 2.217746E-12 4.065754E-05 -1.024529E-05 -7.756726E-06 1 1 1 3.54804E-07 -8.9407E-08 -6.769017E-08 1  
																<TransformMatrix>: 1 -1.353804E-07 1.788139E-07 0 1.353803E-07 1 7.096079E-07 0 -1.78814E-07 -7.096079E-07 1 0 1.998401E-16 0.3410932 2.217746E-12 1  
																<Children>: 1
																	<Frame>: 79 0 mixamorig:RightHand
																		<Transform>: 5.937473E-15 0.4107603 6.673417E-13 359.8351 0.05838595 359.5541 1 1 1 -0.001441349 0.0005039077 -0.003890791 0.9999913  
																		<TransformMatrix>: 0.9999692 -0.007782966 -0.0009965907 0 0.007780062 0.9999655 -0.002886595 0 0.001019023 0.002878753 0.9999954 0 5.937473E-15 0.4107603 6.673417E-13 1  
																		<Children>: 5
																			<Frame>: 80 0 mixamorig:RightHandIndex1
																				<Transform>: -0.04736601 0.1829637 0.009739266 0.1649697 0.0006206417 0.4459137 1 1 1 0.001439641 -1.859934E-07 0.003891309 0.9999914  
																				<TransformMatrix>: 0.9999697 0.007782551 1.157616E-05 0 -0.007782552 0.9999655 0.002879257 0 1.08322E-05 -0.00287926 0.9999958 0 -0.04736601 0.1829637 0.009739266 1  
																				<Children>: 1
																					<Frame>: 81 0 mixamorig:RightHandIndex2
																						<Transform>: -2.664535E-17 0.04698003 -3.979039E-15 -2.490496E-05 -8.305995E-06 3.774566E-05 1 1 1 -2.173368E-07 -7.248341E-08 3.29393E-07 1  
																						<TransformMatrix>: 1 6.58786E-07 1.449667E-07 0 -6.587859E-07 1 -4.346736E-07 0 -1.44967E-07 4.346735E-07 1 0 -2.664535E-17 0.04698003 -3.979039E-15 1  
																						<Children>: 1
																							<Frame>: 82 0 mixamorig:RightHandIndex3
																								<Transform>: -4.866329E-14 0.02894002 5.400125E-15 8.430087E-06 3.425454E-06 -3.212418E-05 1 1 1 7.356638E-08 2.989274E-08 -2.803363E-07 1  
																								<TransformMatrix>: 1 -5.606726E-07 -5.978553E-08 0 5.606726E-07 1 1.471328E-07 0 5.978544E-08 -1.471328E-07 1 0 -4.866329E-14 0.02894002 5.400125E-15 1  
																								<Children>: 1
																									<Frame>: 83 0 mixamorig:RightHandIndex4
																										<Transform>: -1.610267E-14 0.06140004 1.074341E-13 -6.615635E-13 -1.958788E-15 -6.212021E-18 1 1 1 -5.77323E-15 -1.709365E-17 -5.421011E-20 1  
																										<TransformMatrix>: 1 -1.084202E-19 3.418731E-17 0 1.084202E-19 1 -1.154646E-14 0 -3.418731E-17 1.154646E-14 1 0 -1.610267E-14 0.06140004 1.074341E-13 1  
																										<Children>: 0
																									</Frame>
																							</Frame>
																					</Frame>
																			</Frame>
																			<Frame>: 84 0 mixamorig:RightHandMiddle1
																				<Transform>: -0.001394543 0.1792385 0.0005158162 0.1649798 0.0006499846 0.4459176 1 1 1 0.001439731 6.96777E-08 0.003891343 0.9999914  
																				<TransformMatrix>: 0.9999697 0.007782619 1.106562E-05 0 -0.007782619 0.9999655 0.002879437 0 1.134432E-05 -0.002879436 0.9999958 0 -0.001394543 0.1792385 0.0005158162 1  
																				<Children>: 1
																					<Frame>: 85 0 mixamorig:RightHandMiddle2
																						<Transform>: -4.884981E-17 0.05002005 -1.421085E-15 -4.438476E-05 -1.296423E-05 -4.471134E-05 1 1 1 -3.8733E-07 -1.131344E-07 -3.901801E-07 1  
																						<TransformMatrix>: 1 -7.803601E-07 2.262692E-07 0 7.803603E-07 1 -7.7466E-07 0 -2.262686E-07 7.746602E-07 1 0 -4.884981E-17 0.05002005 -1.421085E-15 1  
																						<Children>: 1
																							<Frame>: 86 0 mixamorig:RightHandMiddle3
																								<Transform>: -3.193001E-14 0.03279002 3.979039E-15 -5.766999E-06 3.13161E-05 5.501529E-07 1 1 1 -5.032656E-08 2.732845E-07 4.801004E-09 1  
																								<TransformMatrix>: 1 9.60198E-09 -5.46569E-07 0 -9.602035E-09 1 -1.006531E-07 0 5.46569E-07 1.006531E-07 1 0 -3.193001E-14 0.03279002 3.979039E-15 1  
																								<Children>: 1
																									<Frame>: 87 0 mixamorig:RightHandMiddle4
																										<Transform>: 7.549517E-15 0.04423006 -1.705303E-15 -4.325514E-13 -2.018786E-15 -2.484808E-17 1 1 1 -3.774723E-15 -1.761723E-17 -2.168404E-19 1  
																										<TransformMatrix>: 1 -4.336809E-19 3.523445E-17 0 4.336809E-19 1 -7.549446E-15 0 -3.523445E-17 7.549446E-15 1 0 7.549517E-15 0.04423006 -1.705303E-15 1  
																										<Children>: 0
																									</Frame>
																							</Frame>
																					</Frame>
																			</Frame>
																			<Frame>: 88 0 mixamorig:RightHandPinky1
																				<Transform>: 0.06663869 0.1270746 0.008787562 0.1649725 0.0007145184 0.445902 1 1 1 0.001439669 6.332783E-07 0.003891206 0.9999914  
																				<TransformMatrix>: 0.9999697 0.007782348 9.937555E-06 0 -0.007782344 0.9999655 0.002879319 0 1.247065E-05 -0.002879309 0.9999958 0 0.06663869 0.1270746 0.008787562 1  
																				<Children>: 1
																					<Frame>: 89 0 mixamorig:RightHandPinky2
																						<Transform>: -5.32907E-17 0.03377003 -2.842171E-15 5.003252E-05 1.941493E-05 5.225713E-05 1 1 1 4.366162E-07 1.694271E-07 4.560294E-07 1  
																						<TransformMatrix>: 1 9.12059E-07 -3.388537E-07 0 -9.120586E-07 1 8.732326E-07 0 3.388545E-07 -8.732322E-07 1 0 -5.32907E-17 0.03377003 -2.842171E-15 1  
																						<Children>: 1
																							<Frame>: 90 0 mixamorig:RightHandPinky3
																								<Transform>: -1.172395E-15 0.02998003 2.842171E-16 3.421662E-05 1.282785E-05 -6.422972E-05 1 1 1 2.985963E-07 1.119443E-07 -5.605101E-07 1  
																								<TransformMatrix>: 1 -1.12102E-06 -2.238889E-07 0 1.12102E-06 1 5.971925E-07 0 2.238883E-07 -5.971928E-07 1 0 -1.172395E-15 0.02998003 2.842171E-16 1  
																								<Children>: 1
																									<Frame>: 91 0 mixamorig:RightHandPinky4
																										<Transform>: 4.423129E-15 0.0579801 -2.842171E-15 -3.435061E-13 -2.001969E-15 1.242404E-17 1 1 1 -2.997657E-15 -1.747048E-17 1.084202E-19 1  
																										<TransformMatrix>: 1 2.168404E-19 3.494096E-17 0 -2.168404E-19 1 -5.995313E-15 0 -3.494096E-17 5.995313E-15 1 0 4.423129E-15 0.0579801 -2.842171E-15 1  
																										<Children>: 0
																									</Frame>
																							</Frame>
																					</Frame>
																			</Frame>
																			<Frame>: 92 0 mixamorig:RightHandRing1
																				<Transform>: 0.03988444 0.1576402 0.001515836 0.1649039 0.0006157543 0.4458744 1 1 1 0.001439068 -2.259182E-07 0.003890967 0.9999914  
																				<TransformMatrix>: 0.9999697 0.007781866 1.165056E-05 0 -0.007781867 0.9999656 0.002878109 0 1.07469E-05 -0.002878112 0.9999959 0 0.03988444 0.1576402 0.001515836 1  
																				<Children>: 1
																					<Frame>: 93 0 mixamorig:RightHandRing2
																						<Transform>: -7.993605E-17 0.03498003 2.273737E-15 3.915549E-05 -1.429926E-05 -4.668019E-06 1 1 1 3.416961E-07 -1.247846E-07 -4.073611E-08 1  
																						<TransformMatrix>: 1 -8.147231E-08 2.495692E-07 0 8.147214E-08 1 6.833923E-07 0 -2.495692E-07 -6.833923E-07 1 0 -7.993605E-17 0.03498003 2.273737E-15 1  
																						<Children>: 1
																							<Frame>: 94 0 mixamorig:RightHandRing3
																								<Transform>: -9.130474E-15 0.02984002 -7.673861E-15 4.340481E-05 -3.780575E-05 1.811034E-05 1 1 1 3.787784E-07 -3.299175E-07 1.580426E-07 1  
																								<TransformMatrix>: 1 3.16085E-07 6.598351E-07 0 -3.160855E-07 1 7.575566E-07 0 -6.598348E-07 -7.575568E-07 1 0 -9.130474E-15 0.02984002 -7.673861E-15 1  
																								<Children>: 1
																									<Frame>: 95 0 mixamorig:RightHandRing4
																										<Transform>: -3.517186E-15 0.04922002 2.273737E-15 2.158469E-11 -1.985777E-15 -1.747131E-18 1 1 1 1.883619E-13 -1.732917E-17 -1.524659E-20 1  
																										<TransformMatrix>: 1 -3.049319E-20 3.465835E-17 0 3.049319E-20 1 3.767239E-13 0 -3.465835E-17 -3.767239E-13 1 0 -3.517186E-15 0.04922002 2.273737E-15 1  
																										<Children>: 0
																									</Frame>
																							</Frame>
																					</Frame>
																			</Frame>
																			<Frame>: 96 0 mixamorig:RightHandThumb1
																				<Transform>: -0.09706204 0.09903663 0.07214165 22.25195 15.13456 33.72196 1 1 1 0.2205421 0.0681778 0.257801 0.9382173  
																				<TransformMatrix>: 0.8577808 0.5138189 -0.01421924 0 -0.4536746 0.7697996 0.4489854 0 0.2416431 -0.3786801 0.893426 0 -0.09706204 0.09903663 0.07214165 1  
																				<Children>: 1
																					<Frame>: 97 0 mixamorig:RightHandThumb2
																						<Transform>: 1.421085E-16 0.02369555 -2.842171E-15 2.765289E-05 -0.002875376 7.864129E-06 1 1 1 2.413153E-07 -2.509239E-05 6.863353E-08 1  
																						<TransformMatrix>: 1 1.372549E-07 5.018479E-05 0 -1.372792E-07 1 4.826271E-07 0 -5.018479E-05 -4.826341E-07 1 0 1.421085E-16 0.02369555 -2.842171E-15 1  
																						<Children>: 1
																							<Frame>: 98 0 mixamorig:RightHandThumb3
																								<Transform>: 1.278977E-15 0.02785145 -5.684342E-16 3.4808E-05 0.004086076 4.715871E-05 1 1 1 3.037718E-07 3.565774E-05 4.115266E-07 1  
																								<TransformMatrix>: 1 8.230748E-07 -7.131549E-05 0 -8.230315E-07 1 6.075729E-07 0 7.131549E-05 -6.075143E-07 1 0 1.278977E-15 0.02785145 -5.684342E-16 1  
																								<Children>: 1
																									<Frame>: 99 0 mixamorig:RightHandThumb4
																										<Transform>: -9.947598E-16 0.06195075 2.842171E-16 -3.975694E-15 1.590277E-15 -3.180555E-15 1 1 1 -3.469447E-17 1.387779E-17 -2.775558E-17 1  
																										<TransformMatrix>: 1 -5.551115E-17 -2.775558E-17 0 5.551115E-17 1 -6.938894E-17 0 2.775558E-17 6.938894E-17 1 0 -9.947598E-16 0.06195075 2.842171E-16 1  
																										<Children>: 0
																									</Frame>
																							</Frame>
																					</Frame>
																			</Frame>
																	</Frame>
															</Frame>
													</Frame>
											</Frame>
									</Frame>
							</Frame>
					</Frame>
			</Frame>
			<Frame>: 100 0 Vampire
				<Transform>: 0 0 0 0 0 0 1 1 1 0 0 0 1  
				<TransformMatrix>: 1 0 0 0 0 1 0 0 0 0 1 0 0 0 0 1  
				<SkinningInfo>: Vampire
					<BonesPerVertex>: 4
					<Bounds>: -0.0008696318 -0.2426827 -0.03254601 1.35309 1.122727 0.4077076
