<Hierarchy>:
	<Frame>: 0 0 Zombie1
		<Transform>: 0 0 0 0 0 0 1 1 1 0 0 0 1  
		<TransformMatrix>: 1 0 0 0 0 1 0 0 0 0 1 0 0 0 0 1  
		<Children>: 15
			<Frame>: 1 0 Base_HumanPelvis
				<Transform>: 4.273747E-08 0.8798528 -0.05001712 1.707547E-06 270 270.1999 1 1 1 0.499127 -0.5008715 -0.4991269 0.5008715  
				<TransformMatrix>: 0 -0.9999939 0.003489017 0 -1.490116E-07 0.003489017 0.9999939 0 -1 -2.980232E-08 -1.192093E-07 0 4.273747E-08 0.8798528 -0.05001712 1  
				<Children>: 3
					<Frame>: 2 0 Base_HumanLLegThigh
						<Transform>: -0.01642677 0.04478738 0.08392096 0.9059041 171.8543 0.8313124 1 1 1 0.007797423 0.9974131 -0.007370018 0.07107759  
						<TransformMatrix>: -0.9897743 0.01450682 -0.1419024 0 0.01660219 0.9997697 -0.01359346 0 0.1416725 -0.01581035 -0.9897873 0 -0.01642677 0.04478738 0.08392096 1  
						<Children>: 1
							<Frame>: 3 0 Base_HumanLLegCalf
								<Transform>: -0.3929393 -1.69754E-06 3.814697E-07 358.0709 0.03867818 12.04441 1 1 0.9999999 -0.01670589 0.002101762 0.1049047 0.9943398  
								<TransformMatrix>: 0.9779813 0.2085516 -0.007684784 0 -0.208692 0.977432 -0.03278169 0 0.0006746789 0.03366363 0.9994329 0 -0.3929393 -1.69754E-06 3.814697E-07 1  
								<Children>: 1
									<Frame>: 4 0 Base_HumanLLegFoot
										<Transform>: -0.4370029 -9.536743E-09 0 352.3457 10.05058 270.3282 0.9999998 1 1 -0.1087741 0.01509719 -0.696656 0.7089505  
										<TransformMatrix>: 0.028885 -0.9910733 0.1301498 0 0.9845049 0.005677283 -0.1752659 0 0.1729625 0.1331958 0.9758807 0 -0.4370029 -9.536743E-09 0 1  
										<Children>: 1
											<Frame>: 5 0 Base_HumanLLegDigit11
												<Transform>: -0.1772878 -0.03313413 0.00525198 359.0084 355.5089 347.1917 1 1 1 -0.00422228 -0.0399003 -0.1117881 0.9929217  
												<TransformMatrix>: 0.9718229 -0.2216567 0.08017975 0 0.2223306 0.9749713 0.0005359678 0 -0.07829174 0.01730554 0.9967804 0 -0.1772878 -0.03313413 0.00525198 1  
												<Children>: 0
											</Frame>
									</Frame>
							</Frame>
					</Frame>
					<Frame>: 6 0 Base_HumanRThigh
						<Transform>: -0.01642677 0.04478739 -0.08392096 359.0929 188.1548 0.8387256 0.9999999 1 1 0.007863269 0.9974068 0.007375099 -0.07115773  
						<TransformMatrix>: -0.9897496 0.01463617 0.1420624 0 0.01673535 0.9997675 0.01359288 0 -0.1418304 0.01583101 -0.9897645 0 -0.01642677 0.04478739 -0.08392096 1  
						<Children>: 1
							<Frame>: 7 0 Base_HumanRCalf
								<Transform>: -0.3929395 -1.69754E-06 -3.814697E-07 1.930073 359.9547 12.04146 1 1 1 0.01670785 -0.002160177 0.10488 0.9943422  
								<TransformMatrix>: 0.9779912 0.2085011 0.007800551 0 -0.2086454 0.9774422 0.03277353 0 -0.0007912719 -0.03367977 0.9994326 0 -0.3929395 -1.69754E-06 -3.814697E-07 1  
								<Children>: 1
									<Frame>: 8 0 Base_HumanRFoot
										<Transform>: -0.4369923 -9.536743E-09 0 7.613952 349.9459 270.3299 0.9999999 0.9999998 0.9999998 0.1085485 -0.01536878 -0.6966807 0.7089549  
										<TransformMatrix>: 0.02879965 -0.9911668 -0.1294557 0 0.9844937 0.005706548 0.1753262 0 -0.1730388 -0.1324977 0.9759618 0 -0.4369923 -9.536743E-09 0 1  
										<Children>: 1
											<Frame>: 9 0 Base_HumanRDigit11
												<Transform>: -0.1772879 -0.03313412 -0.005251999 0.9920628 4.530059 347.1856 0.9999998 0.9999998 0.9999999 0.004186247 0.04023894 -0.1118423 0.9929022  
												<TransformMatrix>: 0.9717441 -0.2217599 -0.08084305 0 0.2224337 0.9749474 -0.0006877639 0 0.07897026 -0.0173139 0.9967265 0 -0.1772879 -0.03313412 -0.005251999 1  
												<Children>: 0
											</Frame>
									</Frame>
							</Frame>
					</Frame>
					<Frame>: 10 0 Base_HumanSpine1
						<Transform>: -0.04360436 -0.003336191 -8.279867E-09 1.06269E-06 -6.413775E-06 346.8544 1 1 1 1.561948E-08 -5.454135E-08 -0.1144654 0.9934272  
						<TransformMatrix>: 0.9737958 -0.2274261 1.0479E-07 0 0.2274261 0.9737958 4.351985E-08 0 -1.119415E-07 -1.854745E-08 1 0 -0.04360436 -0.003336191 -8.279867E-09 1  
						<Children>: 1
							<Frame>: 11 0 Base_HumanSpine2
								<Transform>: -0.2333116 -1.907349E-08 0 -1.885583E-06 3.691184E-06 22.99123 1 0.9999999 1 -9.705175E-09 3.484481E-08 0.1992929 0.97994  
								<TransformMatrix>: 0.9205647 0.3905902 -7.216E-08 0 -0.3905902 0.9205646 -5.13233E-09 0 6.442331E-08 3.290963E-08 1 0 -0.2333116 -1.907349E-08 0 1  
								<Children>: 1
									<Frame>: 12 0 Base_HumanRibcage
										<Transform>: -0.3590065 0 0 -3.622747E-07 3.238469E-07 349.9545 0.9999996 0.9999996 1 -3.396732E-09 2.538456E-09 -0.08755168 0.99616  
										<TransformMatrix>: 0.984669 -0.1744309 -4.462635E-09 0 0.1744309 0.984669 -7.211867E-09 0 5.652196E-09 6.322886E-09 1 0 -0.3590065 0 0 1  
										<Children>: 3
											<Frame>: 13 0 Base_HumanLArmCollarbone
												<Transform>: 0.0231958 0.01933693 0.05392591 344.0664 101.0444 20.42582 1 1 1 0.04881454 0.7679337 0.2169255 0.6006982  
												<TransformMatrix>: -0.2735578 0.3355862 -0.9014146 0 -0.1856409 0.9011209 0.3918144 0 0.9437711 0.2745232 -0.1842102 0 0.0231958 0.01933693 0.05392591 1  
												<Children>: 1
													<Frame>: 14 0 Base_HumanLArmUpperarm
														<Transform>: -0.1371595 -7.629394E-08 1.525879E-07 22.95333 22.61606 356.141 1 1 0.9999996 0.1885255 0.1986234 -0.07134886 0.9591227  
														<TransformMatrix>: 0.9109164 -0.06197349 -0.4079107 0 0.2117558 0.9187351 0.333295 0 0.3541061 -0.3899811 0.8500135 0 -0.1371595 -7.629394E-08 1.525879E-07 1  
														<Children>: 1
															<Frame>: 15 0 Base_HumanLArmForearm
																<Transform>: -0.2657413 1.907349E-08 0 357.8072 351.1685 326.4254 1 0.9999999 1 0.003968454 -0.07920882 -0.2893204 0.9539413  
																<TransformMatrix>: 0.8200394 -0.552618 0.1488248 0 0.5513606 0.8325559 0.05340479 0 -0.1534175 0.03826211 0.9874206 0 -0.2657413 1.907349E-08 0 1  
																<Children>: 1
																	<Frame>: 16 0 Base_HumanLArmPalm
																		<Transform>: -0.2730244 9.536743E-08 0 291.242 204.6565 178.0355 1 0.9999998 1 -0.8082376 0.1067231 0.1667337 0.5545829  
																		<TransformMatrix>: 0.9216204 0.01242003 -0.3878945 0 -0.3574505 -0.3620962 -0.8608807 0 -0.1511472 0.9320582 -0.3292756 0 -0.2730244 9.536743E-08 0 1  
																		<Children>: 5
																			<Frame>: 17 0 Base_HumanLArmDigit11
																				<Transform>: -0.05025757 -0.02126137 0.0399704 0.7055431 37.93921 25.95451 0.9999993 0.9999987 1.000002 0.07867081 0.3154505 0.2104141 0.9219695  
																				<TransformMatrix>: 0.7124333 0.4376239 -0.5485642 0 -0.3383568 0.8990725 0.2778143 0 0.6147797 -0.01231376 0.7886054 0 -0.05025757 -0.02126137 0.0399704 1  
																				<Children>: 1
																					<Frame>: 18 0 Base_HumanLArmDigit12
																						<Transform>: -0.06169243 -1.525879E-07 7.629394E-08 358.0038 331.3469 359.8771 0.9999992 0.9999987 1.000002 -0.01661273 -0.2474286 -0.00534916 0.9687489  
																						<TransformMatrix>: 0.8775002 -0.002143055 0.4795698 0 0.01858489 0.9993895 -0.02954002 0 -0.4792159 0.03483428 0.8770083 0 -0.06169243 -1.525879E-07 7.629394E-08 1  
																						<Children>: 0
																					</Frame>
																			</Frame>
																			<Frame>: 19 0 Base_HumanLArmDigit21
																				<Transform>: -0.1335966 -0.003372879 0.04100296 355.444 13.40282 9.420614 0.9999999 0.999999 1.000001 -0.02976775 0.1194508 0.08611502 0.9886504  
																				<TransformMatrix>: 0.9566313 0.1631637 -0.2413171 0 -0.1773867 0.9833952 -0.03828675 0 0.2310636 0.07943292 0.9696919 0 -0.1335966 -0.003372879 0.04100296 1  
																				<Children>: 1
																					<Frame>: 20 0 Base_HumanLArmDigit22
																						<Transform>: -0.02699459 7.629394E-08 0 0.0303079 359.4432 27.09956 0.9999977 1.000001 1.000001 -0.0008812291 -0.004785455 0.2342886 0.9721549  
																						<TransformMatrix>: 0.8901698 0.455537 0.008891463 0 -0.4555218 0.8902174 -0.003955743 0 -0.009717343 -0.0005289734 0.9999539 0 -0.02699459 7.629394E-08 0 1  
																						<Children>: 1
																							<Frame>: 21 0 Base_HumanLArmDigit23
																								<Transform>: -0.02548172 0 0 -0.0002070125 -0.00024102 21.81146 0.9999969 1.000002 1.000001 -2.171829E-06 -1.723527E-06 0.1891937 0.9819398  
																								<TransformMatrix>: 0.9284086 0.3715524 2.563E-06 0 -0.3715544 0.9284135 -4.917383E-06 0 -4.206598E-06 3.613055E-06 1.000001 0 -0.02548172 0 0 1  
																								<Children>: 0
																							</Frame>
																					</Frame>
																			</Frame>
																			<Frame>: 22 0 Base_HumanLArmDigit31
																				<Transform>: -0.1341213 -2.288818E-07 0.01546757 5.243566E-05 -0.0001228041 340.4539 0.9999989 1.000001 1 6.328582E-07 -9.784421E-07 -0.1697459 0.9854879  
																				<TransformMatrix>: 0.9423716 -0.3345648 1.713634E-06 0 0.3345655 0.9423736 1.579523E-06 0 -2.143336E-06 -9.15175E-07 1 0 -0.1341213 -2.288818E-07 0.01546757 1  
																				<Children>: 1
																					<Frame>: 23 0 Base_HumanLArmDigit32
																						<Transform>: -0.04323059 -7.629394E-08 -7.629394E-08 4.183521E-05 -0.0001226144 51.32508 1.000002 0.9999979 1 -1.343206E-07 -1.122573E-06 0.4330699 0.9013604  
																						<TransformMatrix>: 0.6249023 0.7807057 1.907349E-06 0 -0.7807024 0.6248997 -1.214445E-06 0 -2.140026E-06 -7.301622E-07 1 0 -0.04323059 -7.629394E-08 -7.629394E-08 1  
																						<Children>: 1
																							<Frame>: 24 0 Base_HumanLArmDigit33
																								<Transform>: -0.0191909 -7.629394E-08 0 -0.0001014154 -0.000102184 17.66368 1.000004 0.9999956 1 -1.011434E-06 -7.452699E-07 0.153535 0.9881432  
																								<TransformMatrix>: 0.9528581 0.3034305 1.162291E-06 0 -0.3034279 0.9528498 -2.227723E-06 0 -1.783448E-06 1.770033E-06 1 0 -0.0191909 -7.629394E-08 0 1  
																								<Children>: 0
																							</Frame>
																					</Frame>
																			</Frame>
																			<Frame>: 25 0 Base_HumanLArmDigit41
																				<Transform>: -0.1342192 -3.814697E-07 -0.01507763 359.7252 345.342 330.496 0.9999989 1.000002 0.999999 0.03018292 -0.1239665 -0.2528503 0.9590558  
																				<TransformMatrix>: 0.8413971 -0.4924779 0.2225177 0 0.4775128 0.8703132 0.1205844 0 -0.2530448 0.004795711 0.9674417 0 -0.1342192 -3.814697E-07 -0.01507763 1  
																				<Children>: 1
																					<Frame>: 26 0 Base_HumanLArmDigit42
																						<Transform>: -0.0350816 -7.629394E-08 -7.629394E-08 359.9442 0.6570002 45.24643 1.000002 0.9999989 0.9999991 0.001756147 0.005479461 0.3846655 0.9230381  
																						<TransformMatrix>: 0.7040063 0.7101426 -0.008764462 0 -0.7101018 0.7040579 0.007457492 0 0.01146655 0.0009735369 0.9999329 0 -0.0350816 -7.629394E-08 -7.629394E-08 1  
																						<Children>: 1
																							<Frame>: 27 0 Base_HumanLArmDigit43
																								<Transform>: -0.02367615 0 -7.629394E-08 0.0001716732 -7.926153E-05 56.64811 0.9999986 1.000002 0.9999991 9.905959E-07 -1.319677E-06 0.4744579 0.8802782  
																								<TransformMatrix>: 0.5497787 0.8353087 3.263354E-06 0 -0.8353117 0.5497807 4.917385E-07 0 -1.383373E-06 -2.99626E-06 0.9999991 0 -0.02367615 0 -7.629394E-08 1  
																								<Children>: 0
																							</Frame>
																					</Frame>
																			</Frame>
																			<Frame>: 28 0 Base_HumanLArmDigit51
																				<Transform>: -0.1331654 -3.814697E-07 -0.04197582 0.01199904 333.5672 3.515475 1.000002 0.9999995 0.9999985 -0.006910982 -0.2285252 0.02988499 0.9730546  
																				<TransformMatrix>: 0.8937681 0.06131825 0.444323 0 -0.05500076 0.9981178 -0.02710846 0 -0.4451475 -0.0002094225 0.8954555 0 -0.1331654 -3.814697E-07 -0.04197582 1  
																				<Children>: 1
																					<Frame>: 29 0 Base_HumanLArmDigit52
																						<Transform>: -0.01502827 0 -1.907349E-08 359.9477 1.294265 18.54421 1.000003 0.9999984 0.9999983 0.001368989 0.01122038 0.1611182 0.9868704  
																						<TransformMatrix>: 0.9478329 0.3180372 -0.02170505 0 -0.3179743 0.9480766 0.006317632 0 0.02258722 0.0009135838 0.9997428 0 -0.01502827 0 -1.907349E-08 1  
																						<Children>: 1
																							<Frame>: 30 0 Base_HumanLArmDigit53
																								<Transform>: -0.02022987 7.629394E-08 1.907349E-08 359.9903 358.517 26.32236 1.000003 0.9999986 0.9999983 -0.003029223 -0.01258205 0.227671 0.9736521  
																								<TransformMatrix>: 0.8960177 0.4434223 0.02312182 0 -0.4432679 0.8963121 -0.01162794 0 -0.02588037 0.0001696811 0.9996634 0 -0.02022987 7.629394E-08 1.907349E-08 1  
																								<Children>: 0
																							</Frame>
																					</Frame>
																			</Frame>
																	</Frame>
															</Frame>
													</Frame>
											</Frame>
											<Frame>: 31 0 Base_HumanNeck
												<Transform>: -0.0007575988 -0.003336191 -6.406999E-09 -7.287781E-07 -3.475461E-06 336.3141 1 1 1 1.655403E-14 -3.098874E-08 -0.2052295 0.9787139  
												<TransformMatrix>: 0.9157617 -0.4017219 6.065822E-08 0 0.4017219 0.9157617 1.271964E-08 0 -6.065824E-08 1.271958E-08 1 0 -0.0007575988 -0.003336191 -6.406999E-09 1  
												<Children>: 1
													<Frame>: 32 0 Base_HumanHead
														<Transform>: -0.1329173 0 4.547473E-15 -7.287809E-07 3.47546E-06 23.68587 1 1 1 -9.020564E-15 3.098874E-08 0.2052295 0.9787139  
														<TransformMatrix>: 0.9157617 0.4017219 -6.065824E-08 0 -0.4017219 0.9157617 1.271959E-08 0 6.065822E-08 1.271963E-08 1 0 -0.1329173 0 4.547473E-15 1  
														<Children>: 5
															<Frame>: 33 0 Base_HumanHeadJaw
																<Transform>: 0.01239853 0.05036786 -7.605326E-09 -1.220247E-05 -7.889053E-06 245.7664 1 1 1 -5.186792E-14 -1.268031E-07 -0.839779 0.5429284  
																<TransformMatrix>: -0.4104576 -0.9118798 1.376901E-07 0 0.9118798 -0.4104576 2.129731E-07 0 -1.376899E-07 2.129732E-07 1 0 0.01239853 0.05036786 -7.605326E-09 1  
																<Children>: 0
															</Frame>
															<Frame>: 34 0 Base_HumanHeadLEyelid
																<Transform>: -0.05312698 0.1319967 0.03306046 2.477715E-19 0 0 1 1 1 2.162214E-21 0 0 1  
																<TransformMatrix>: 1 0 0 0 0 1 4.324428E-21 0 0 -4.324428E-21 1 0 -0.05312698 0.1319967 0.03306046 1  
																<Children>: 0
															</Frame>
															<Frame>: 35 0 Base_HumanHeadREye
																<Transform>: -0.0485733 0.1012153 -0.03337431 2.477715E-19 0 0 1 1 1 2.162214E-21 0 0 1  
																<TransformMatrix>: 1 0 0 0 0 1 4.324428E-21 0 0 -4.324428E-21 1 0 -0.0485733 0.1012153 -0.03337431 1  
																<Children>: 0
															</Frame>
															<Frame>: 36 0 Base_HumanHeadREyelid
																<Transform>: -0.05312698 0.1319967 -0.03306046 2.477715E-19 0 0 1 1 1 2.162214E-21 0 0 1  
																<TransformMatrix>: 1 0 0 0 0 1 4.324428E-21 0 0 -4.324428E-21 1 0 -0.05312698 0.1319967 -0.03306046 1  
																<Children>: 0
															</Frame>
															<Frame>: 37 0 Base_HumanLEye
																<Transform>: -0.0485733 0.1012153 0.0333743 2.477715E-19 0 0 1 1 1 2.162214E-21 0 0 1  
																<TransformMatrix>: 1 0 0 0 0 1 4.324428E-21 0 0 -4.324428E-21 1 0 -0.0485733 0.1012153 0.0333743 1  
																<Children>: 0
															</Frame>
													</Frame>
											</Frame>
											<Frame>: 38 0 Base_HumanRArmCollarbone
												<Transform>: 0.0231958 0.01933693 -0.05392592 15.93346 258.9556 20.4258 1 1 1 -0.04881521 -0.7679337 0.2169244 0.6006985  
												<TransformMatrix>: -0.2735568 0.3355861 0.9014148 0 -0.1856387 0.9011217 -0.3918136 0 -0.9437717 -0.2745208 -0.1842103 0 0.0231958 0.01933693 -0.05392592 1  
												<Children>: 1
													<Frame>: 39 0 Base_HumanRArmUpperarm
														<Transform>: -0.1371595 5.722046E-08 3.051758E-07 337.0467 337.384 356.1409 0.9999996 0.9999998 1 -0.1885256 -0.1986231 -0.07134897 0.9591227  
														<TransformMatrix>: 0.910916 -0.06197371 0.40791 0 0.2117559 0.9187347 -0.3332952 0 -0.3541058 0.3899816 0.8500142 0 -0.1371595 5.722046E-08 3.051758E-07 1  
														<Children>: 1
															<Frame>: 40 0 Base_HumanRArmForearm
																<Transform>: -0.2657412 0 0 2.192798 8.83156 326.4254 0.9999999 0.9999999 1 -0.003968462 0.07920898 -0.2893204 0.9539413  
																<TransformMatrix>: 0.8200392 -0.552618 -0.1488251 0 0.5513607 0.8325558 -0.05340491 0 0.1534177 -0.0382622 0.9874204 0 -0.2657412 0 0 1  
																<Children>: 1
																	<Frame>: 41 0 Base_HumanRArmPalm
																		<Transform>: -0.2730244 5.722046E-08 0 68.75806 155.3438 178.0357 1 1 0.9999999 0.8082374 -0.1067231 0.1667321 0.5545837  
																		<TransformMatrix>: 0.9216211 0.01241858 0.387892 0 -0.357449 -0.3620945 0.8608822 0 0.1511444 -0.9320587 -0.329275 0 -0.2730244 5.722046E-08 0 1  
																		<Children>: 5
																			<Frame>: 42 0 Base_HumanRArmDigit11
																				<Transform>: -0.05025772 -0.02126129 -0.03997066 359.2945 322.0608 25.95428 1.000002 1.000001 0.9999976 -0.07867023 -0.3154508 0.2104123 0.92197  
																				<TransformMatrix>: 0.7124361 0.4376214 0.5485668 0 -0.3383547 0.8990762 -0.2778129 0 -0.6147772 0.01231371 0.7886017 0 -0.05025772 -0.02126129 -0.03997066 1  
																				<Children>: 1
																					<Frame>: 43 0 Base_HumanRArmDigit12
																						<Transform>: -0.06169247 7.629394E-08 1.525879E-07 1.99706 28.65301 359.8766 1.000002 1.000001 0.9999974 0.01661847 0.2474277 -0.005355052 0.968749  
																						<TransformMatrix>: 0.8775032 -0.002151669 -0.4795695 0 0.01859916 0.9993914 0.0295483 0 0.4792115 -0.03484813 0.8770044 0 -0.06169247 7.629394E-08 1.525879E-07 1  
																						<Children>: 0
																					</Frame>
																			</Frame>
																			<Frame>: 44 0 Base_HumanRArmDigit21
																				<Transform>: -0.1335968 -0.003372497 -0.04100353 4.556115 346.5969 9.420672 1.000001 1.000001 0.9999985 0.02976876 -0.1194535 0.08611574 0.98865  
																				<TransformMatrix>: 0.9566306 0.1631648 0.2413227 0 -0.1773887 0.9833964 0.03828815 0 -0.2310679 -0.07943531 0.9696879 0 -0.1335968 -0.003372497 -0.04100353 1  
																				<Children>: 1
																					<Frame>: 45 0 Base_HumanRArmDigit22
																						<Transform>: -0.02699459 -1.525879E-07 -7.629394E-08 359.9697 0.5564052 27.09976 1.000003 0.9999982 0.9999986 0.000880634 0.004782317 0.2342903 0.9721545  
																						<TransformMatrix>: 0.8901732 0.4555427 -0.008885683 0 -0.4555235 0.890213 0.003953119 0 0.009710936 0.0005286759 0.9999514 0 -0.02699459 -1.525879E-07 -7.629394E-08 1  
																						<Children>: 1
																							<Frame>: 46 0 Base_HumanRArmDigit23
																								<Transform>: -0.02548187 -7.629394E-08 -7.629394E-08 5.899359E-05 -9.226061E-05 21.81144 1.000004 0.9999977 0.9999987 3.53194E-07 -8.879848E-07 0.1891935 0.9819399  
																								<TransformMatrix>: 0.9284151 0.3715546 1.877546E-06 0 -0.3715524 0.9284096 3.576278E-07 0 -1.610249E-06 -1.029631E-06 0.9999987 0 -0.02548187 -7.629394E-08 -7.629394E-08 1  
																								<Children>: 0
																							</Frame>
																					</Frame>
																			</Frame>
																			<Frame>: 47 0 Base_HumanRArmDigit31
																				<Transform>: -0.1341214 2.288818E-07 -0.01546814 7.485886E-05 -0.0001362009 340.4537 1.000001 0.999999 0.9999999 8.455443E-07 -1.060438E-06 -0.1697475 0.9854876  
																				<TransformMatrix>: 0.9423726 -0.3345685 1.803041E-06 0 0.3345678 0.9423707 2.026558E-06 0 -2.377155E-06 -1.306533E-06 0.9999999 0 -0.1341214 2.288818E-07 -0.01546814 1  
																				<Children>: 1
																					<Frame>: 48 0 Base_HumanRArmDigit32
																						<Transform>: -0.04323074 7.629394E-08 -1.144409E-07 6.243885E-05 -0.0001105366 51.32478 0.9999986 1.000001 0.9999998 7.339253E-08 -1.105436E-06 0.4330675 0.9013615  
																						<TransformMatrix>: 0.6249041 0.7806996 2.05636E-06 0 -0.7807018 0.6249058 -8.251518E-07 0 -1.929227E-06 -1.089763E-06 0.9999998 0 -0.04323074 7.629394E-08 -1.144409E-07 1  
																						<Children>: 1
																							<Frame>: 49 0 Base_HumanRArmDigit33
																								<Transform>: -0.0191909 0 -3.814697E-08 -0.0001037533 -6.529554E-05 17.66339 0.9999962 1.000004 0.9999999 -9.821674E-07 -4.240441E-07 0.1535325 0.9881436  
																								<TransformMatrix>: 0.952852 0.3034231 5.364418E-07 0 -0.3034254 0.9528591 -2.071262E-06 0 -1.139622E-06 1.810836E-06 0.9999999 0 -0.0191909 0 -3.814697E-08 1  
																								<Children>: 0
																							</Frame>
																					</Frame>
																			</Frame>
																			<Frame>: 50 0 Base_HumanRArmDigit41
																				<Transform>: -0.1342191 1.525879E-07 0.01507706 0.2749004 14.6577 330.4958 1.000001 0.9999982 1.000001 -0.0301815 0.1239646 -0.2528519 0.9590557  
																				<TransformMatrix>: 0.8413979 -0.4924814 -0.2225152 0 0.4775144 0.8703083 -0.1205806 0 0.253041 -0.004797903 0.9674446 0 -0.1342191 1.525879E-07 0.01507706 1  
																				<Children>: 1
																					<Frame>: 51 0 Base_HumanRArmDigit42
																						<Transform>: -0.03508163 7.629394E-08 -7.629394E-08 0.05622604 359.3429 45.24642 0.9999983 1.000001 1.000001 -0.001752819 -0.005481603 0.3846655 0.9230381  
																						<TransformMatrix>: 0.7040036 0.7101398 0.008770943 0 -0.710103 0.7040592 -0.007453009 0 -0.01146796 -0.0009813303 0.9999346 0 -0.03508163 7.629394E-08 -7.629394E-08 1  
																						<Children>: 1
																							<Frame>: 52 0 Base_HumanRArmDigit43
																								<Transform>: -0.02367615 0 -1.144409E-07 0.0003303393 -0.0004422834 56.6482 1.000001 0.9999977 1.000001 7.063808E-07 -4.765312E-06 0.4744585 0.8802779  
																								<TransformMatrix>: 0.549779 0.8353117 9.059906E-06 0 -0.8353087 0.549777 -3.278255E-06 0 -7.719307E-06 -5.765513E-06 1.000001 0 -0.02367615 0 -1.144409E-07 1  
																								<Children>: 0
																							</Frame>
																					</Frame>
																			</Frame>
																			<Frame>: 53 0 Base_HumanRArmDigit51
																				<Transform>: -0.1331652 1.525879E-07 0.04197525 359.9883 26.43268 3.515245 0.9999979 1 1.000002 0.006912628 0.228524 0.02988254 0.973055  
																				<TransformMatrix>: 0.8937657 0.06131399 -0.4443188 0 -0.05499533 0.9981188 0.0271105 0 0.4451468 0.0002050226 0.8954596 0 -0.1331652 1.525879E-07 0.04197525 1  
																				<Children>: 1
																					<Frame>: 54 0 Base_HumanRArmDigit52
																						<Transform>: -0.01502815 0 -3.814697E-08 0.05219863 358.7056 18.54412 0.999997 1.000001 1.000002 -0.001370392 -0.01122113 0.1611173 0.9868705  
																						<TransformMatrix>: 0.9478278 0.3180337 0.02170595 0 -0.3179735 0.9480796 -0.006320644 0 -0.02258923 -0.0009110395 0.9997462 0 -0.01502815 0 -3.814697E-08 1  
																						<Children>: 1
																							<Frame>: 55 0 Base_HumanRArmDigit53
																								<Transform>: -0.02022972 7.629394E-08 0 0.009412828 1.48306 26.32252 0.9999974 1.000001 1.000002 0.003026725 0.01258313 0.2276725 0.9736518  
																								<TransformMatrix>: 0.8960115 0.4434224 -0.02312492 0 -0.4432715 0.8963127 0.01162362 0 0.02588144 -0.0001642852 0.9996669 0 -0.02022972 7.629394E-08 0 1  
																								<Children>: 0
																							</Frame>
																					</Frame>
																			</Frame>
																	</Frame>
															</Frame>
													</Frame>
											</Frame>
									</Frame>
							</Frame>
					</Frame>
			</Frame>
			<Frame>: 56 0 Z_Body
				<Transform>: 0 0 0 270 0 0 1 1 1 -0.7071068 0 0 0.7071068  
				<TransformMatrix>: 1 0 0 0 0 -1.192093E-07 -1 0 0 1 -1.192093E-07 0 0 0 0 1  
				<SkinningInfo>: Z_Body
					<BonesPerVertex>: 4
					<Bounds>: -0.2738102 0.04886008 2.235174E-08 0.194897 0.1654725 0.1593795
					<BoneNames>: 4 Base_HumanRibcage Base_HumanSpine2 Base_HumanSpine1 Base_HumanPelvis  
					<BoneOffsets>: 4 1.629207E-07 -1.509958E-07 -1 0 0 -1 1.509958E-07 0 -1 -2.220446E-14 -1.629207E-07 0 1.50433 0.06385922 3.046456E-07 1 -3.199058E-08 -1.555116E-07 -1 0 -0.174431 -0.9846689 1.587077E-07 0 -0.984669 0.174431 4.374073E-09 0 1.133399 -0.1995216 5.248671E-08 1 -3.33297E-08 -1.868324E-07 -1 0 0.224027 -0.9745826 1.74617E-07 0 -0.9745826 -0.224027 7.43381E-08 0 0.887987 0.2590221 -2.804949E-08 1 3.670728E-08 -1.570286E-07 -1 0 -0.003489033 -0.999994 1.568996E-07 0 -0.999994 0.003489033 -3.725494E-08 0 0.880022 0.04694698 6.766867E-08 1  
					<BoneIndices>: 260 0 1 0 0 0 1 0 0 0 1 0 0 0 1 0 0 0 1 0 0 0 1 0 0 0 1 0 0 0 1 0 0 0 1 0 0 0 1 0 0 0 1 0 0 0 1 0 0 2 3 0 0 2 1 0 0 2 3 0 0 2 1 0 0 2 1 0 0 2 3 0 0 2 1 0 0 2 1 0 0 1 2 0 0 2 1 0 0 2 1 0 0 2 3 0 0 1 2 0 0 2 1 0 0 2 1 0 0 2 3 0 0 1 2 0 0 1 2 0 0 0 1 0 0 1 2 0 0 2 1 0 0 2 1 0 0 2 3 0 0 2 3 0 0 1 2 0 0 1 2 0 0 0 1 0 0 0 0 0 0 0 0 0 0 0 1 0 0 1 2 0 0 0 1 0 0 2 1 0 0 2 3 0 0 1 2 0 0 1 2 0 0 0 1 0 0 2 1 0 0 1 2 0 0 0 1 0 0 1 2 0 0 1 2 0 0 0 1 0 0 0 1 0 0 2 1 0 0 1 2 0 0 1 2 0 0 1 2 0 0 1 2 0 0 0 1 0 0 1 2 0 0 0 1 0 0 0 1 0 0 1 2 0 0 2 1 0 0 2 1 0 0 2 1 0 0 2 1 0 0 2 1 0 0 2 1 0 0 2 3 0 0 2 3 0 0 2 3 0 0 2 3 0 0 2 1 0 0 2 1 0 0 2 1 0 0 2 3 0 0 2 1 0 0 2 1 0 0 1 2 0 0 2 1 0 0 2 1 0 0 2 3 0 0 1 2 0 0 2 1 0 0 2 1 0 0 2 3 0 0 1 2 0 0 1 2 0 0 0 1 0 0 1 2 0 0 2 1 0 0 2 1 0 0 2 3 0 0 2 3 0 0 1 2 0 0 1 2 0 0 0 1 0 0 0 0 0 0 0 0 0 0 0 1 0 0 1 2 0 0 0 1 0 0 2 1 0 0 2 3 0 0 1 2 0 0 1 2 0 0 0 1 0 0 2 1 0 0 1 2 0 0 0 1 0 0 1 2 0 0 1 2 0 0 0 1 0 0 0 1 0 0 2 1 0 0 1 2 0 0 1 2 0 0 1 2 0 0 1 2 0 0 0 1 0 0 1 2 0 0 0 1 0 0 0 1 0 0 1 2 0 0 2 1 0 0 2 1 0 0 2 1 0 0 2 1 0 0 2 1 0 0 2 1 0 0 2 3 0 0 2 3 0 0 0 1 0 0 0 1 0 0 0 0 0 0 0 0 0 0 0 1 0 0 0 1 0 0 0 1 0 0 0 1 0 0 0 1 0 0 0 1 0 0 0 1 0 0 0 1 0 0 0 1 0 0 0 1 0 0 0 1 0 0 0 1 0 0 0 1 0 0 0 1 0 0 0 1 0 0 0 1 0 0 0 1 0 0 0 1 0 0 0 1 0 0 0 1 0 0 0 1 0 0 0 1 0 0 0 1 0 0 0 1 0 0 0 1 0 0 0 1 0 0 0 1 0 0 0 1 0 0 0 1 0 0 0 1 0 0 0 1 0 0 0 1 0 0 0 1 0 0 0 1 0 0 0 1 0 0 0 0 0 0 0 0 0 0 0 0 0 0 0 0 0 0 0 0 0 0 0 0 0 0 0 1 0 0 0 1 0 0 0 1 0 0 0 1 0 0 0 1 0 0 0 1 0 0 0 1 0 0 0 0 0 0 0 1 0 0 0 0 0 0 0 1 0 0 0 1 0 0 0 1 0 0 0 1 0 0 0 1 0 0 0 1 0 0 0 1 0 0 0 1 0 0 0 1 0 0 0 1 0 0 0 1 0 0 0 1 0 0 0 1 0 0 0 1 0 0 0 1 0 0 0 1 0 0 0 1 0 0 0 1 0 0 0 1 0 0 0 1 0 0 0 1 0 0 0 1 0 0 0 1 0 0 0 1 0 0 0 1 0 0 0 1 0 0 0 1 0 0 0 1 0 0 0 1 0 0 0 1 0 0 0 1 0 0 0 1 0 0 0 1 0 0 0 1 0 0 0 1 0 0 0 0 0 0 0 0 0 0 0 0 0 0 0 0 0 0 0 0 0 0 0 1 0 0 0 1 0 0 0 0 0 0 0 1 0 0 0 1 0 0 0 1 0 0 0 1 0 0 2 3 0 0 2 3 1 0 2 0 0 0 2 3 0 0 2 3 0 0 2 3 0 0 2 3 0 0 2 3 0 0 2 3 0 0 2 3 0 0 2 3 0 0 2 3 0 0 2 0 0 0 2 3 1 0 2 3 0 0 2 3 0 0 2 3 0 0 2 3 0 0 2 3 0 0 2 3 0 0 2 3 0 0 2 3 0 0  
					<BoneWeights>: 260 0.5 0.5 0 0 0.5 0.5 0 0 0.5 0.5 0 0 0.5 0.5 0 0 0.5 0.5 0 0 0.5 0.5 0 0 0.5 0.5 0 0 0.5 0.5 0 0 0.5 0.5 0 0 0.5 0.5 0 0 0.5 0.5 0 0 0.5 0.5 0 0 0.5000001 0.4999999 0 0 0.75 0.25 0 0 0.5000001 0.4999999 0 0 0.75 0.25 0 0 0.75 0.25 0 0 0.5000001 0.4999999 0 0 0.6 0.4 0 0 0.6 0.4 0 0 0.5 0.5 0 0 0.6 0.4 0 0 0.75 0.25 0 0 0.5000001 0.4999999 0 0 0.5 0.5 0 0 0.6 0.4 0 0 0.75 0.25 0 0 0.5000001 0.4999999 0 0 0.55 0.45 0 0 0.55 0.45 0 0 0.5 0.5 0 0 0.5 0.5 0 0 0.6 0.4 0 0 0.75 0.25 0 0 0.5000001 0.4999999 0 0 0.7000002 0.2999998 0 0 0.5 0.5 0 0 0.55 0.45 0 0 0.5 0.5 0 0 1 0 0 0 1 0 0 0 0.5 0.5 0 0 0.55 0.45 0 0 0.5 0.5 0 0 0.75 0.25 0 0 0.7000002 0.2999998 0 0 0.5 0.5 0 0 0.55 0.45 0 0 0.5 0.5 0 0 0.6 0.4 0 0 0.55 0.45 0 0 0.5 0.5 0 0 0.5 0.5 0 0 0.55 0.45 0 0 0.5 0.5 0 0 0.5 0.5 0 0 0.6 0.4 0 0 0.5 0.5 0 0 0.5 0.5 0 0 0.55 0.45 0 0 0.55 0.45 0 0 0.5 0.5 0 0 0.55 0.45 0 0 0.5 0.5 0 0 0.5 0.5 0 0 0.55 0.45 0 0 0.6 0.4 0 0 0.6 0.4 0 0 0.6 0.4 0 0 0.75 0.25 0 0 0.75 0.25 0 0 0.75 0.25 0 0 0.7000002 0.2999998 0 0 0.7000002 0.2999998 0 0 0.5000001 0.4999999 0 0 0.5000001 0.4999999 0 0 0.75 0.25 0 0 0.75 0.25 0 0 0.75 0.25 0 0 0.5000001 0.4999999 0 0 0.6 0.4 0 0 0.6 0.4 0 0 0.5 0.5 0 0 0.6 0.4 0 0 0.75 0.25 0 0 0.5000001 0.4999999 0 0 0.5 0.5 0 0 0.6 0.4 0 0 0.75 0.25 0 0 0.5000001 0.4999999 0 0 0.55 0.45 0 0 0.55 0.45 0 0 0.5 0.5 0 0 0.5 0.5 0 0 0.6 0.4 0 0 0.75 0.25 0 0 0.5000001 0.4999999 0 0 0.7000002 0.2999998 0 0 0.5 0.5 0 0 0.55 0.45 0 0 0.5 0.5 0 0 1 0 0 0 1 0 0 0 0.5 0.5 0 0 0.55 0.45 0 0 0.5 0.5 0 0 0.75 0.25 0 0 0.7000002 0.2999998 0 0 0.5 0.5 0 0 0.55 0.45 0 0 0.5 0.5 0 0 0.6 0.4 0 0 0.55 0.45 0 0 0.5 0.5 0 0 0.5 0.5 0 0 0.55 0.45 0 0 0.5 0.5 0 0 0.5 0.5 0 0 0.6 0.4 0 0 0.5 0.5 0 0 0.5 0.5 0 0 0.55 0.45 0 0 0.55 0.45 0 0 0.5 0.5 0 0 0.55 0.45 0 0 0.5 0.5 0 0 0.5 0.5 0 0 0.55 0.45 0 0 0.6 0.4 0 0 0.6 0.4 0 0 0.6 0.4 0 0 0.75 0.25 0 0 0.75 0.25 0 0 0.75 0.25 0 0 0.7000002 0.2999998 0 0 0.7000002 0.2999998 0 0 0.5 0.5 0 0 0.6517601 0.3482399 0 0 1 0 0 0 1 0 0 0 0.7500801 0.2499199 0 0 0.5 0.5 0 0 0.5875202 0.4124798 0 0 0.5887333 0.4112667 0 0 0.5875202 0.4124798 0 0 0.5907658 0.4092343 0 0 0.5 0.5 0 0 0.5 0.5 0 0 0.5 0.5 0 0 0.5 0.5 0 0 0.5 0.5 0 0 0.5 0.5 0 0 0.5 0.5 0 0 0.5 0.5 0 0 0.5 0.5 0 0 0.5 0.5 0 0 0.5887333 0.4112667 0 0 0.5907658 0.4092343 0 0 0.5 0.5 0 0 0.5 0.5 0 0 0.5907658 0.4092343 0 0 0.5 0.5 0 0 0.5 0.5 0 0 0.5 0.5 0 0 0.5 0.5 0 0 0.5 0.5 0 0 0.5 0.5 0 0 0.5 0.5 0 0 0.5 0.5 0 0 0.5875202 0.4124798 0 0 0.5 0.5 0 0 0.5 0.5 0 0 0.5875202 0.4124798 0 0 0.5887333 0.4112667 0 0 0.5 0.5 0 0 1 0 0 0 1 0 0 0 1 0 0 0 1 0 0 0 1 0 0 0 1 0 0 0 0.7500801 0.2499199 0 0 0.5 0.5 0 0 0.5 0.5 0 0 0.7500801 0.2499199 0 0 0.5 0.5 0 0 0.5 0.5 0 0 0.5 0.5 0 0 1 0 0 0 0.6517596 0.3482405 0 0 1 0 0 0 0.7500802 0.2499198 0 0 0.5 0.5 0 0 0.5875202 0.4124798 0 0 0.5875202 0.4124798 0 0 0.5887333 0.4112667 0 0 0.5907657 0.4092343 0 0 0.5 0.5 0 0 0.5 0.5 0 0 0.5 0.5 0 0 0.5 0.5 0 0 0.5 0.5 0 0 0.5 0.5 0 0 0.5 0.5 0 0 0.5 0.5 0 0 0.5 0.5 0 0 0.5 0.5 0 0 0.5 0.5 0 0 0.5907657 0.4092343 0 0 0.5887333 0.4112667 0 0 0.5 0.5 0 0 0.5 0.5 0 0 0.5 0.5 0 0 0.5907657 0.4092343 0 0 0.5 0.5 0 0 0.5 0.5 0 0 0.5 0.5 0 0 0.5 0.5 0 0 0.5 0.5 0 0 0.5 0.5 0 0 0.5875202 0.4124798 0 0 0.5 0.5 0 0 0.5 0.5 0 0 0.5 0.5 0 0 0.5887333 0.4112667 0 0 0.5875202 0.4124798 0 0 1 0 0 0 1 0 0 0 1 0 0 0 1 0 0 0 1 0 0 0 0.5 0.5 0 0 0.7500802 0.2499198 0 0 1 0 0 0 0.5 0.5 0 0 0.5 0.5 0 0 0.5 0.5 0 0 0.7500802 0.2499198 0 0 0.7000002 0.2999998 0 0 0.7084513 0.2492928 0.04225586 0 1 0 0 0 0.7000002 0.2999998 0 0 0.7000002 0.2999998 0 0 0.5000001 0.4999999 0 0 0.5000001 0.4999999 0 0 0.5000001 0.4999999 0 0 0.5000001 0.4999999 0 0 0.5000001 0.4999999 0 0 0.5000001 0.4999999 0 0 0.7000002 0.2999998 0 0 1 0 0 0 0.7084513 0.2492928 0.04225586 0 0.7000002 0.2999998 0 0 0.7000002 0.2999998 0 0 0.5000001 0.4999999 0 0 0.5000001 0.4999999 0 0 0.5000001 0.4999999 0 0 0.5000001 0.4999999 0 0 0.5000001 0.4999999 0 0 0.5000001 0.4999999 0 0  
				</SkinningInfo>
				<Mesh>: 260 Z_Body
					<Bounds>: 0 0.01912605 1.160676 0.1593795 0.135818 0.1674671
					<Positions>: 260 -9.536743E-09 0.1519214 1.216359 -0.0450424 0.1346513 1.247181 -7.152557E-09 0.1334821 1.250968 -0.04338215 0.1542822 1.227504 -0.0450424 0.1346513 1.247181 -9.536743E-09 0.1519214 1.216359 -9.536743E-09 0.1519214 1.216359 -7.152557E-09 0.1334821 1.250968 0.0450424 0.1346513 1.247181 0.04338213 0.1542823 1.227504 -9.536743E-09 0.1519214 1.216359 0.0450424 0.1346513 1.247181 0 -0.1166919 0.993209 0 -0.08838431 1.089554 -0.0515735 -0.104104 1.00382 -0.04698575 -0.08703343 1.08386 -0.09643201 -0.078042 1.073368 -0.1000316 -0.09663981 1.019651 -0.04781157 -0.07729314 1.130839 0 -0.08167744 1.137798 0 -0.07854808 1.178333 -0.0893051 -0.07119986 1.123599 -0.1310844 -0.05638433 1.073441 -0.1324411 -0.06285966 1.023917 -0.04953066 -0.08163951 1.18073 -0.1214357 -0.04372927 1.114045 -0.1423912 -0.01397853 1.068413 -0.1487428 -0.02333304 1.016615 -0.05165927 -0.08876337 1.212712 0 -0.08396402 1.213672 0 -0.09233575 1.262137 -0.09048925 -0.06948348 1.167707 -0.1394487 -0.01140955 1.1005 -0.1408417 0.01914361 1.06579 -0.1399304 0.01582407 1.013736 -0.116753 0.05526527 1.013953 -0.1196379 -0.03544263 1.141639 -0.105275 -0.08344981 1.203063 -0.05073108 -0.08844641 1.258572 -0.05232135 -0.09513123 1.29715 0 -0.09253915 1.310859 -0.1157051 -0.07319863 1.246304 -0.1395165 -0.03441443 1.170736 -0.1510905 -0.02179497 1.241631 -0.1153393 0.06210334 1.064197 -0.07436243 0.09678863 1.014946 -0.1317743 -0.00447351 1.126212 -0.1438442 0.000133907 1.15655 -0.1593795 0.0159112 1.239112 -0.1394389 0.02205295 1.098226 -0.1436008 0.03145492 1.151691 -0.157041 0.04815057 1.236064 -0.1362298 0.02337609 1.120863 -0.1351423 0.06027576 1.144382 -0.1565705 0.08598489 1.225501 -0.138175 0.1216096 1.221736 -0.1166272 0.06105513 1.093522 -0.1236019 0.05892991 1.115921 -0.1096529 0.08073947 1.125438 -0.1160475 0.09100793 1.145687 -0.07674903 0.1056434 1.14562 -0.09760462 0.1549439 1.231563 -0.03496328 0.116336 1.143953 -0.04338213 0.1542822 1.227504 0 0.1519214 1.216359 0 0.1094356 1.139358 0 0.08861562 1.090021 -0.06803762 0.09052891 1.09344 -0.02563522 0.09644828 1.091953 -0.06755386 0.09428474 1.064449 -0.02246145 0.08874134 1.056661 0 0.08287469 1.056734 -0.02563996 0.09647778 1.007307 0 0.08874549 1.004758 0 -0.1166919 0.993209 0.0515735 -0.104104 1.00382 0 -0.08838431 1.089554 0.04698575 -0.08703334 1.08386 0.09643201 -0.0780419 1.073368 0.1000316 -0.09663977 1.019651 0.04781157 -0.07729303 1.130839 0 -0.08167744 1.137798 0 -0.07854808 1.178333 0.0893051 -0.07119976 1.123599 0.1310844 -0.05638423 1.073441 0.1324411 -0.06285962 1.023917 0.04953066 -0.08163941 1.18073 0.1214357 -0.04372917 1.114045 0.1423912 -0.01397844 1.068413 0.1487428 -0.02333299 1.016615 0.05165927 -0.08876327 1.212712 0 -0.08396402 1.213672 0 -0.09233575 1.262137 0.09048925 -0.06948338 1.167707 0.1394487 -0.01140945 1.1005 0.1408417 0.0191437 1.06579 0.1399304 0.01582412 1.013736 0.116753 0.05526532 1.013953 0.1196379 -0.03544253 1.141639 0.105275 -0.08344971 1.203063 0.05073108 -0.08844629 1.258572 0.05232135 -0.09513112 1.29715 0 -0.09253915 1.310859 0.1157051 -0.07319852 1.246304 0.1395165 -0.03441432 1.170736 0.1510905 -0.02179486 1.241631 0.1153393 0.06210344 1.064197 0.07436243 0.09678867 1.014946 0.1317743 -0.004473411 1.126212 0.1438442 0.0001340081 1.15655 0.1593795 0.01591131 1.239112 0.1394389 0.02205305 1.098226 0.1436008 0.03145501 1.151691 0.157041 0.04815068 1.236064 0.1362298 0.02337619 1.120863 0.1351423 0.06027586 1.144382 0.1565705 0.08598499 1.225501 0.138175 0.1216097 1.221736 0.1166272 0.06105523 1.093522 0.1236019 0.05893001 1.115921 0.1096529 0.08073957 1.125438 0.1160475 0.09100803 1.145687 0.07674903 0.1056435 1.14562 0.09760462 0.154944 1.231563 0.03496328 0.1163361 1.143953 0.04338213 0.1542823 1.227504 0 0.1519214 1.216359 0 0.1094356 1.139358 0 0.08861562 1.090021 0.06803762 0.090529 1.09344 0.02563522 0.09644837 1.091953 0.06755386 0.09428484 1.064449 0.02246145 0.08874144 1.056661 0 0.08287469 1.056734 0.02563996 0.09647781 1.007307 0 0.08874549 1.004758 0 0.04082234 1.328143 -0.06774126 0.03642664 1.324942 0 -0.08125083 1.321094 -0.05317859 -0.08565373 1.314954 -0.1116743 -0.06701829 1.273239 -0.144661 -0.01954344 1.25598 -0.1507074 0.01533968 1.256209 -0.1507096 0.04910143 1.249632 -0.1507074 0.01533968 1.256209 -0.1446634 0.09080891 1.243699 -0.09904374 0.1420599 1.254769 -0.1343027 0.1225944 1.238066 -0.0450424 0.1346513 1.247181 -7.152557E-09 0.1334821 1.250968 0 0.04082234 1.328143 -0.09760462 0.154944 1.231563 -0.09904374 0.1420599 1.254769 -0.0450424 0.1346513 1.247181 -0.04338215 0.1542822 1.227504 -0.157041 0.04815061 1.236064 -0.1507096 0.04910143 1.249632 -0.1446634 0.09080891 1.243699 -0.1565705 0.08598492 1.225501 -0.1565705 0.08598492 1.225501 -0.1446634 0.09080891 1.243699 -0.1343027 0.1225944 1.238066 -0.138175 0.1216096 1.221736 -0.138175 0.1216096 1.221736 -0.1343027 0.1225944 1.238066 -0.09904374 0.1420599 1.254769 -0.09760462 0.154944 1.231563 -0.1510905 -0.02179493 1.241631 -0.144661 -0.01954344 1.25598 -0.1507074 0.01533968 1.256209 -0.1593795 0.01591124 1.239112 -0.1593795 0.01591124 1.239112 -0.1507074 0.01533968 1.256209 -0.1507096 0.04910143 1.249632 -0.157041 0.04815061 1.236064 0 -0.09253918 1.310859 0 -0.08125083 1.321094 -0.05317859 -0.08565373 1.314954 -0.05232135 -0.0951312 1.29715 -0.05232135 -0.0951312 1.29715 -0.05317859 -0.08565373 1.314954 -0.1116743 -0.06701829 1.273239 -0.1157051 -0.07319859 1.246304 -0.1157051 -0.07319859 1.246304 -0.1116743 -0.06701829 1.273239 -0.144661 -0.01954344 1.25598 -0.1510905 -0.02179493 1.241631 0 0.04082234 1.328143 0 -0.08125083 1.321094 0.06774126 0.03642664 1.324942 0.05317859 -0.08565373 1.314954 0.1116743 -0.06701829 1.273239 0.144661 -0.01954344 1.25598 0.1507074 0.01533968 1.256209 0.1507074 0.01533968 1.256209 0.1507096 0.04910143 1.249632 0.1446634 0.09080891 1.243699 0.09904374 0.1420599 1.254769 0.1343027 0.1225944 1.238066 0.0450424 0.1346513 1.247181 -7.152557E-09 0.1334821 1.250968 0 0.04082234 1.328143 0.09760462 0.154944 1.231563 0.04338213 0.1542823 1.227504 0.0450424 0.1346513 1.247181 0.09904374 0.1420599 1.254769 0.157041 0.04815061 1.236064 0.1565705 0.08598492 1.225501 0.1446634 0.09080891 1.243699 0.1507096 0.04910143 1.249632 0.1565705 0.08598492 1.225501 0.138175 0.1216096 1.221736 0.1343027 0.1225944 1.238066 0.1446634 0.09080891 1.243699 0.138175 0.1216096 1.221736 0.09760462 0.154944 1.231563 0.09904374 0.1420599 1.254769 0.1343027 0.1225944 1.238066 0.1510905 -0.02179493 1.241631 0.1593795 0.01591124 1.239112 0.1507074 0.01533968 1.256209 0.144661 -0.01954344 1.25598 0.1593795 0.01591124 1.239112 0.157041 0.04815061 1.236064 0.1507096 0.04910143 1.249632 0.1507074 0.01533968 1.256209 0 -0.09253918 1.310859 0.05232135 -0.0951312 1.29715 0.05317859 -0.08565373 1.314954 0 -0.08125083 1.321094 0.05232135 -0.0951312 1.29715 0.1157051 -0.07319859 1.246304 0.1116743 -0.06701829 1.273239 0.05317859 -0.08565373 1.314954 0.1157051 -0.07319859 1.246304 0.1510905 -0.02179493 1.241631 0.144661 -0.01954344 1.25598 0.1116743 -0.06701829 1.273239 -0.02563996 0.0964778 1.007307 0 0.08876069 1.004758 0 -0.004060682 1.046351 -0.07436243 0.09678866 1.014946 -0.116753 0.0552653 1.013953 -0.1399304 0.0158241 1.013736 -0.1487428 -0.02333301 1.016615 -0.1324411 -0.06285963 1.023917 -0.1000316 -0.09663978 1.019651 -0.0515735 -0.104104 1.00382 0 -0.1166919 0.993209 0.02563996 0.0964778 1.007307 0 -0.004060682 1.046351 0 0.08876069 1.004758 0.07436243 0.09678866 1.014946 0.116753 0.0552653 1.013953 0.1399304 0.0158241 1.013736 0.1487428 -0.02333301 1.016615 0.1324411 -0.06285963 1.023917 0.1000316 -0.09663978 1.019651 0.0515735 -0.104104 1.00382 0 -0.1166919 0.993209  
